1699046115.608538,-0.34
1699046115.6273715,-0.69
1699046115.643063,-1.03
1699046115.655592,-1.39
1699046115.6674476,-1.71
1699046115.6795497,-2.04
1699046115.6904078,-2.35
1699046115.7024698,-2.65
1699046115.71488,-2.94
1699046115.727771,-3.23
1699046115.7398834,-3.52
1699046115.7469401,-3.81
1699046115.7542026,-4.11
1699046115.7613392,-4.38
1699046115.768517,-4.66
1699046115.7754152,-4.92
1699046115.7824812,-5.18
1699046115.7896085,-5.43
1699046115.7968588,-5.68
1699046115.8040376,-5.92
1699046115.8106062,-6.16
1699046115.8177776,-6.41
1699046115.82538,-6.64
1699046115.8331935,-6.86
1699046115.8405848,-7.08
1699046115.8479633,-7.3
1699046115.8547313,-7.51
1699046115.861848,-7.73
1699046115.86941,-7.95
1699046115.876638,-8.15
1699046115.883866,-8.35
1699046115.890924,-8.54
1699046115.897785,-8.73
1699046115.905385,-8.9
1699046115.9143543,-9.08
1699046115.9207754,-9.25
1699046115.927437,-9.42
1699046115.933674,-9.59
1699046115.9400449,-9.76
1699046115.9466412,-9.93
1699046115.9528692,-10.09
1699046115.9615977,-10.24
1699046115.9688015,-10.39
1699046115.9758906,-10.53
1699046115.9835243,-10.68
1699046115.9910467,-10.81
1699046116.0011725,-10.96
1699046116.0075958,-11.12
1699046116.0139468,-11.26
1699046116.0202537,-11.4
1699046116.0264697,-11.54
1699046116.0363512,-11.66
1699046116.0434616,-11.79
1699046116.0501661,-11.9
1699046116.0565948,-12.02
1699046116.0630543,-12.13
1699046116.0693831,-12.25
1699046116.075895,-12.36
1699046116.082231,-12.47
1699046116.088759,-12.58
1699046116.095826,-12.66
1699046116.1055024,-12.76
1699046116.112016,-12.86
1699046116.1186204,-12.96
1699046116.1252518,-13.04
1699046116.1322331,-13.14
1699046116.138601,-13.23
1699046116.1447403,-13.33
1699046116.1512089,-13.4
1699046116.157753,-13.49
1699046116.1652617,-13.58
1699046116.1732473,-13.66
1699046116.179914,-13.74
1699046116.187108,-13.83
1699046116.194837,-13.9
1699046116.2026663,-13.98
1699046116.2103271,-14.05
1699046116.2184415,-14.09
1699046116.2266374,-14.16
1699046116.2343302,-14.23
1699046116.2422898,-14.29
1699046116.249543,-14.36
1699046116.2572634,-14.42
1699046116.2648642,-14.49
1699046116.2726297,-14.54
1699046116.2808752,-14.61
1699046116.287939,-14.67
1699046116.2954621,-14.73
1699046116.3020837,-14.79
1699046116.3089738,-14.85
1699046116.3152928,-14.91
1699046116.3214183,-14.96
1699046116.3285642,-15.03
1699046116.335277,-15.09
1699046116.341866,-15.14
1699046116.3484182,-15.2
1699046116.3550272,-15.26
1699046116.3611507,-15.3
1699046116.367941,-15.36
1699046116.3748763,-15.42
1699046116.3821821,-15.5
1699046116.388803,-15.55
1699046116.3950026,-15.61
1699046116.4010112,-15.67
1699046116.4076827,-15.72
1699046116.4142625,-15.79
1699046116.420481,-15.84
1699046116.4273672,-15.89
1699046116.433503,-15.93
1699046116.439551,-15.97
1699046116.4464724,-16.02
1699046116.454238,-16.04
1699046116.4617126,-16.08
1699046116.4703379,-16.1
1699046116.4773383,-16.13
1699046116.484101,-16.17
1699046116.4910703,-16.2
1699046116.4990127,-16.23
1699046116.5065265,-16.26
1699046116.514045,-16.31
1699046116.5219276,-16.34
1699046116.5291827,-16.36
1699046116.5366604,-16.39
1699046116.544208,-16.42
1699046116.5522726,-16.43
1699046116.5595582,-16.45
1699046116.5666692,-16.46
1699046116.5730274,-16.47
1699046116.5797484,-16.49
1699046116.585941,-16.5
1699046116.592051,-16.53
1699046116.5985827,-16.55
1699046116.6052825,-16.58
1699046116.6116755,-16.6
1699046116.6180007,-16.63
1699046116.6241906,-16.64
1699046116.6303346,-16.65
1699046116.6405973,-16.67
1699046116.6474676,-16.69
1699046116.654177,-16.73
1699046116.6623056,-16.72
1699046116.668569,-16.72
1699046116.6751144,-16.75
1699046116.681645,-16.76
1699046116.688437,-16.77
1699046116.695248,-16.76
1699046116.70131,-16.77
1699046116.7077312,-16.78
1699046116.7139463,-16.78
1699046116.7216332,-16.79
1699046116.7291481,-16.8
1699046116.737215,-16.81
1699046116.7444568,-16.82
1699046116.7520185,-16.83
1699046116.7595973,-16.84
1699046116.7663143,-16.87
1699046116.7723863,-16.89
1699046116.7791185,-16.9
1699046116.7855842,-16.9
1699046116.7922902,-16.89
1699046116.7987525,-16.88
1699046116.805113,-16.9
1699046116.811203,-16.9
1699046116.8191297,-16.9
1699046116.8265016,-16.91
1699046116.8340087,-16.91
1699046116.8415318,-16.91
1699046116.8497238,-16.91
1699046116.8573914,-16.91
1699046116.8652625,-16.9
1699046116.8729706,-16.91
1699046116.8802748,-16.92
1699046116.8877237,-16.91
1699046116.8958974,-16.93
1699046116.9026585,-16.94
1699046116.9087846,-16.95
1699046116.9155118,-16.97
1699046116.9237154,-17.0
1699046116.931193,-17.03
1699046116.9382308,-17.06
1699046116.9471245,-17.08
1699046116.9531279,-17.11
1699046116.9593067,-17.14
1699046116.9654825,-17.16
1699046116.9718041,-17.18
1699046116.9781554,-17.22
1699046116.9843569,-17.24
1699046116.9904714,-17.25
1699046116.9971232,-17.27
1699046117.0040488,-17.3
1699046117.0108585,-17.32
1699046117.0170374,-17.34
1699046117.0233579,-17.34
1699046117.0296817,-17.36
1699046117.0366027,-17.39
1699046117.0438092,-17.41
1699046117.0500536,-17.43
1699046117.0572894,-17.46
1699046117.0641093,-17.48
1699046117.0714152,-17.5
1699046117.0788937,-17.51
1699046117.0859892,-17.54
1699046117.09411,-17.57
1699046117.1003115,-17.58
1699046117.1066077,-17.6
1699046117.1154149,-17.62
1699046117.1227226,-17.65
1699046117.1290467,-17.65
1699046117.1377869,-17.68
1699046117.1438901,-17.68
1699046117.150703,-17.7
1699046117.1582508,-17.71
1699046117.165379,-17.71
1699046117.1720016,-17.71
1699046117.1790495,-17.72
1699046117.1863582,-17.73
1699046117.1930614,-17.73
1699046117.1994596,-17.74
1699046117.2058504,-17.74
1699046117.2121482,-17.75
1699046117.2183762,-17.75
1699046117.2247796,-17.76
1699046117.2314837,-17.76
1699046117.2378132,-17.74
1699046117.244716,-17.73
1699046117.251061,-17.72
1699046117.2573955,-17.69
1699046117.2638714,-17.68
1699046117.270765,-17.66
1699046117.2772608,-17.66
1699046117.283791,-17.64
1699046117.290021,-17.63
1699046117.296943,-17.62
1699046117.3032436,-17.61
1699046117.309686,-17.59
1699046117.316297,-17.57
1699046117.3228862,-17.56
1699046117.3290842,-17.56
1699046117.3352377,-17.54
1699046117.3422227,-17.52
1699046117.3511102,-17.52
1699046117.3583598,-17.53
1699046117.3659523,-17.53
1699046117.3722572,-17.54
1699046117.3793564,-17.54
1699046117.3875844,-17.55
1699046117.3953476,-17.56
1699046117.4029176,-17.55
1699046117.4095223,-17.57
1699046117.4160213,-17.59
1699046117.42242,-17.61
1699046117.429166,-17.64
1699046117.437338,-17.67
1699046117.4437754,-17.7
1699046117.4500089,-17.73
1699046117.4562743,-17.78
1699046117.4625826,-17.81
1699046117.468567,-17.85
1699046117.4749782,-17.9
1699046117.4816518,-17.93
1699046117.4882042,-17.99
1699046117.4955242,-18.05
1699046117.50165,-18.13
1699046117.5084436,-18.2
1699046117.5153637,-18.31
1699046117.5223422,-18.45
1699046117.5291612,-18.6
1699046117.5358121,-18.74
1699046117.5418522,-18.89
1699046117.5479195,-19.05
1699046117.5543365,-19.25
1699046117.5606024,-19.47
1699046117.5673614,-19.56
1699046117.5752454,-19.65
1699046117.5820518,-19.92
1699046117.5891495,-20.15
1699046117.5961623,-20.34
1699046117.6036475,-20.55
1699046117.60995,-20.78
1699046117.61719,-21.0
1699046117.6234381,-21.24
1699046117.6308532,-21.46
1699046117.6373682,-21.74
1699046117.6435459,-21.99
1699046117.650854,-22.26
1699046117.6583352,-22.55
1699046117.665357,-22.84
1699046117.6717474,-23.13
1699046117.6782424,-23.39
1699046117.685937,-23.72
1699046117.6922166,-24.07
1699046117.6982975,-24.36
1699046117.7044535,-24.63
1699046117.710948,-24.97
1699046117.7171884,-25.29
1699046117.7234848,-25.65
1699046117.7304275,-26.03
1699046117.7378094,-26.49
1699046117.7451248,-26.95
1699046117.753238,-27.49
1699046117.7603862,-28.15
1699046117.7677822,-28.79
1699046117.7760005,-29.39
1699046117.7834682,-30.24
1699046117.7896442,-30.97
1699046117.7958186,-31.6
1699046117.8018365,-32.23
1699046117.8086329,-32.87
1699046117.8155506,-33.64
1699046117.823169,-34.38
1699046117.831494,-35.31
1699046117.8387156,-36.3
1699046117.8466117,-37.24
1699046117.854493,-38.34
1699046117.8618405,-39.46
1699046117.869032,-40.56
1699046117.8764186,-41.74
1699046117.8840668,-43.01
1699046117.8910413,-44.28
1699046117.897361,-45.58
1699046117.9039104,-46.76
1699046117.9099948,-47.91
1699046117.921964,-49.98
1699046117.9308968,-51.84
1699046117.9398801,-53.43
1699046117.9482768,-55.03
1699046117.954838,-55.82
1699046117.962044,-56.64
1699046117.9681144,-57.29
1699046117.9783895,-58.2
1699046117.985325,-58.76
1699046117.9919097,-59.23
1699046118.0001297,-59.61
1699046118.007518,-59.87
1699046118.015147,-59.91
1699046118.0219638,-59.83
1699046118.0299082,-59.73
1699046118.0382957,-59.68
1699046118.0469728,-59.6
1699046118.0543911,-59.47
1699046118.0618854,-59.32
1699046118.0682154,-59.12
1699046118.0746257,-58.87
1699046118.0812364,-58.58
1699046118.0893164,-58.18
1699046118.0965028,-57.74
1699046118.1033213,-57.32
1699046118.1094418,-56.94
1699046118.115545,-56.59
1699046118.1222694,-56.23
1699046118.1307812,-55.85
1699046118.1382756,-55.38
1699046118.1444778,-54.95
1699046118.1509893,-54.48
1699046118.157574,-53.93
1699046118.1667418,-53.23
1699046118.1752968,-52.35
1699046118.1829095,-51.44
1699046118.1904957,-50.48
1699046118.1967123,-49.46
1699046118.2060153,-48.49
1699046118.2132037,-47.37
1699046118.22004,-46.45
1699046118.2270393,-45.54
1699046118.2341123,-44.63
1699046118.2405856,-43.77
1699046118.2469122,-42.97
1699046118.2537444,-42.09
1699046118.2606208,-41.25
1699046118.2672083,-40.6
1699046118.27356,-39.97
1699046118.2807722,-39.26
1699046118.287113,-38.68
1699046118.2951083,-38.21
1699046118.3036098,-37.56
1699046118.3098676,-36.95
1699046118.3168912,-36.6
1699046118.3244746,-36.29
1699046118.3332329,-36.06
1699046118.341659,-35.65
1699046118.3492408,-35.31
1699046118.3568292,-35.1
1699046118.3639414,-34.97
1699046118.371926,-34.83
1699046118.379853,-34.53
1699046118.3871682,-34.21
1699046118.3949664,-34.05
1699046118.4022865,-33.84
1699046118.4108975,-33.59
1699046118.4189758,-33.28
1699046118.4255588,-33.02
1699046118.431852,-32.94
1699046118.438233,-32.9
1699046118.4446921,-32.89
1699046118.4514513,-32.88
1699046118.458984,-32.84
1699046118.467286,-32.77
1699046118.4735582,-32.67
1699046118.4826229,-32.66
1699046118.4890852,-32.55
1699046118.4952962,-32.55
1699046118.5014646,-32.55
1699046118.5099063,-32.48
1699046118.5168445,-32.43
1699046118.5236168,-32.4
1699046118.530172,-32.39
1699046118.5361967,-32.45
1699046118.5424256,-32.51
1699046118.5487034,-32.59
1699046118.5552278,-32.7
1699046118.561719,-32.81
1699046118.568015,-32.96
1699046118.574216,-33.15
1699046118.5803807,-33.35
1699046118.5864944,-33.59
1699046118.5933068,-33.88
1699046118.5997467,-34.26
1699046118.6059105,-34.61
1699046118.6120174,-35.11
1699046118.618378,-35.56
1699046118.6251323,-35.89
1699046118.631704,-36.23
1699046118.6381452,-36.46
1699046118.644486,-36.63
1699046118.6515856,-36.75
1699046118.659231,-36.68
1699046118.6662812,-36.29
1699046118.6743593,-35.83
1699046118.6830359,-35.33
1699046118.6911502,-34.62
1699046118.697565,-33.88
1699046118.7040906,-33.13
1699046118.7103362,-32.38
1699046118.7174675,-31.69
1699046118.724535,-31.03
1699046118.7308707,-30.53
1699046118.7381063,-30.18
1699046118.7444875,-29.91
1699046118.7507586,-29.7
1699046118.7577546,-29.51
1699046118.7652586,-29.38
1699046118.7726371,-29.25
1699046118.7793877,-29.14
1699046118.785679,-29.01
1699046118.794151,-28.86
1699046118.8013973,-28.68
1699046118.8078866,-28.5
1699046118.8144403,-28.29
1699046118.8211467,-28.1
1699046118.8279433,-27.89
1699046118.8348107,-27.71
1699046118.8410776,-27.52
1699046118.8487318,-27.27
1699046118.855057,-27.07
1699046118.861941,-26.81
1699046118.8682532,-26.53
1699046118.8750381,-26.19
1699046118.8813884,-25.82
1699046118.8875062,-25.47
1699046118.8938327,-25.26
1699046118.900808,-25.17
1699046118.907625,-25.14
1699046118.9139903,-25.07
1699046118.920307,-25.16
1699046118.9270797,-25.28
1699046118.933309,-25.38
1699046118.9413388,-25.55
1699046118.9484174,-25.66
1699046118.9550164,-25.78
1699046118.9619246,-25.87
1699046118.9690268,-25.84
1699046118.9752991,-25.74
1699046118.9829404,-25.54
1699046118.9911149,-25.28
1699046118.9982042,-25.01
1699046119.0066397,-24.74
1699046119.0129795,-24.46
1699046119.019126,-24.21
1699046119.0255687,-24.06
1699046119.0320168,-23.94
1699046119.0383594,-23.79
1699046119.0447254,-23.69
1699046119.0512033,-23.63
1699046119.0579133,-23.58
1699046119.064409,-23.5
1699046119.0708609,-23.44
1699046119.0776937,-23.35
1699046119.0849621,-23.26
1699046119.0910788,-23.15
1699046119.0972893,-23.02
1699046119.1042714,-22.86
1699046119.110793,-22.65
1699046119.1171,-22.46
1699046119.1234174,-22.32
1699046119.130232,-22.19
1699046119.1375916,-22.12
1699046119.144009,-22.1
1699046119.1509275,-22.05
1699046119.1584425,-21.97
1699046119.1656883,-21.88
1699046119.173231,-21.86
1699046119.1800961,-21.96
1699046119.1882484,-22.09
1699046119.1953542,-22.25
1699046119.2016118,-22.36
1699046119.208292,-22.44
1699046119.2151816,-22.49
1699046119.2217996,-22.49
1699046119.2283232,-22.46
1699046119.2345712,-22.39
1699046119.2408714,-22.3
1699046119.2471929,-22.18
1699046119.2540276,-22.09
1699046119.2608032,-22.0
1699046119.267616,-21.91
1699046119.274311,-21.78
1699046119.2809126,-21.63
1699046119.2873762,-21.52
1699046119.2939692,-21.52
1699046119.3007407,-21.49
1699046119.307061,-21.49
1699046119.3135614,-21.52
1699046119.320137,-21.54
1699046119.326941,-21.57
1699046119.3334892,-21.59
1699046119.339673,-21.62
1699046119.3464592,-21.64
1699046119.3539724,-21.67
1699046119.3622768,-21.68
1699046119.371039,-21.66
1699046119.3774204,-21.62
1699046119.3836622,-21.59
1699046119.3897438,-21.54
1699046119.3960023,-21.5
1699046119.4021652,-21.49
1699046119.4085693,-21.49
1699046119.415124,-21.5
1699046119.4212976,-21.49
1699046119.4276242,-21.42
1699046119.4337347,-21.31
1699046119.4405367,-21.18
1699046119.4473689,-21.06
1699046119.4538221,-20.92
1699046119.4617236,-20.75
1699046119.4685457,-20.59
1699046119.475462,-20.43
1699046119.4818351,-20.32
1699046119.4880779,-20.18
1699046119.4955745,-20.02
1699046119.5025988,-19.92
1699046119.5090303,-19.8
1699046119.5152507,-19.65
1699046119.5230427,-19.55
1699046119.5299766,-19.5
1699046119.5369925,-19.47
1699046119.5446575,-19.41
1699046119.5510504,-19.33
1699046119.5574205,-19.28
1699046119.56459,-19.26
1699046119.5714092,-19.24
1699046119.579001,-19.22
1699046119.585976,-19.18
1699046119.5928044,-19.17
1699046119.5999315,-19.19
1699046119.6072016,-19.19
1699046119.6135244,-19.17
1699046119.6196125,-19.13
1699046119.6272507,-19.11
1699046119.6346114,-19.1
1699046119.641168,-19.03
1699046119.6479836,-18.97
1699046119.6543968,-18.96
1699046119.6607437,-18.95
1699046119.667528,-18.95
1699046119.6736257,-18.94
1699046119.6803772,-18.94
1699046119.68659,-18.93
1699046119.6929286,-18.93
1699046119.6997206,-18.93
1699046119.7064626,-18.93
1699046119.7131777,-18.93
1699046119.7196121,-18.92
1699046119.7259414,-18.91
1699046119.7330213,-18.9
1699046119.740121,-18.88
1699046119.7477202,-18.85
1699046119.7552016,-18.83
1699046119.7630813,-18.82
1699046119.769424,-18.8
1699046119.7762423,-18.76
1699046119.783023,-18.75
1699046119.7894537,-18.74
1699046119.7966177,-18.73
1699046119.803492,-18.7
1699046119.8101788,-18.7
1699046119.816518,-18.71
1699046119.8230062,-18.69
1699046119.8303993,-18.68
1699046119.8387358,-18.64
1699046119.8466969,-18.63
1699046119.8532803,-18.6
1699046119.8596756,-18.57
1699046119.8659546,-18.55
1699046119.8725684,-18.53
1699046119.8793886,-18.51
1699046119.885652,-18.47
1699046119.8917527,-18.47
1699046119.898704,-18.42
1699046119.9060218,-18.36
1699046119.9126263,-18.32
1699046119.918969,-18.29
1699046119.9254286,-18.26
1699046119.9348512,-18.23
1699046119.9412997,-18.18
1699046119.9476433,-18.13
1699046119.9562955,-18.1
1699046119.9631882,-18.06
1699046119.9691877,-18.04
1699046119.9754782,-18.03
1699046119.981626,-18.01
1699046119.98795,-17.99
1699046119.9941063,-17.98
1699046120.0003104,-17.99
1699046120.0066445,-17.98
1699046120.0126898,-17.99
1699046120.0190768,-17.98
1699046120.0258121,-17.98
1699046120.0325704,-17.96
1699046120.0406702,-17.96
1699046120.0469294,-17.93
1699046120.053257,-17.89
1699046120.0604756,-17.88
1699046120.0676162,-17.86
1699046120.0739124,-17.87
1699046120.0802326,-17.88
1699046120.0871255,-17.9
1699046120.093914,-17.91
1699046120.100649,-17.92
1699046120.1071389,-17.91
1699046120.1134455,-17.87
1699046120.1204033,-17.84
1699046120.1275017,-17.85
1699046120.134252,-17.93
1699046120.1405435,-17.99
1699046120.1498508,-18.12
1699046120.1563525,-18.23
1699046120.16241,-18.38
1699046120.1685433,-18.52
1699046120.17548,-18.67
1699046120.1832926,-18.87
1699046120.1899683,-19.06
1699046120.1964152,-19.26
1699046120.2027369,-19.44
1699046120.2095747,-19.7
1699046120.215907,-20.01
1699046120.222114,-20.39
1699046120.2293706,-20.58
1699046120.2365634,-20.83
1699046120.2427292,-21.33
1699046120.2487981,-21.73
1699046120.2554667,-22.19
1699046120.2620957,-22.71
1699046120.2698994,-23.39
1699046120.2765207,-24.09
1699046120.282691,-24.83
1699046120.288979,-25.56
1699046120.295317,-26.33
1699046120.3033452,-27.2
1699046120.3103702,-28.13
1699046120.3170817,-29.11
1699046120.326148,-30.52
1699046120.333124,-31.43
1699046120.3400154,-32.44
1699046120.347734,-33.52
1699046120.3540597,-34.86
1699046120.361635,-35.99
1699046120.3689272,-37.2
1699046120.3766446,-38.44
1699046120.3839011,-39.9
1699046120.390132,-41.04
1699046120.3963044,-42.21
1699046120.4028351,-43.31
1699046120.4090965,-44.5
1699046120.4153569,-45.64
1699046120.4216366,-46.76
1699046120.4333677,-49.05
1699046120.4399745,-50.49
1699046120.4470205,-51.83
1699046120.4549282,-53.5
1699046120.4612536,-54.88
1699046120.4676266,-56.16
1699046120.4737709,-57.45
1699046120.4805663,-58.73
1699046120.4870102,-60.02
1699046120.4933965,-61.22
1699046120.4997573,-62.24
1699046120.5060315,-63.16
1699046120.5124705,-63.99
1699046120.5191414,-64.7
1699046120.525346,-65.29
1699046120.533707,-65.79
1699046120.540179,-66.24
1699046120.5464888,-66.59
1699046120.553308,-66.72
1699046120.559757,-67.14
1699046120.565912,-67.64
1699046120.5720432,-68.23
1699046120.5788767,-68.81
1699046120.586027,-69.38
1699046120.5947921,-69.94
1699046120.6041543,-70.6
1699046120.61166,-71.2
1699046120.618997,-71.87
1699046120.6258063,-72.6
1699046120.6321132,-73.29
1699046120.6390655,-73.93
1699046120.6454275,-74.43
1699046120.6516428,-74.85
1699046120.6579642,-75.24
1699046120.6644025,-75.59
1699046120.6704917,-75.94
1699046120.6766667,-76.16
1699046120.6834023,-76.36
1699046120.68974,-76.58
1699046120.6964223,-76.78
1699046120.7051797,-76.96
1699046120.7120225,-77.18
1699046120.71966,-77.33
1699046120.727349,-77.48
1699046120.7355678,-77.67
1699046120.7436113,-77.82
1699046120.7514458,-77.95
1699046120.7581387,-78.04
1699046120.7643611,-78.02
1699046120.770784,-77.96
1699046120.7770896,-77.86
1699046120.7837987,-77.72
1699046120.790769,-77.53
1699046120.7988582,-77.26
1699046120.8062234,-76.91
1699046120.813449,-76.43
1699046120.8198946,-75.8
1699046120.8262188,-75.15
1699046120.8325784,-74.5
1699046120.8389332,-73.81
1699046120.8486376,-72.94
1699046120.8569298,-72.0
1699046120.8650143,-70.98
1699046120.8726695,-69.89
1699046120.8804975,-68.88
1699046120.8889875,-67.78
1699046120.8972661,-66.63
1699046120.9050198,-65.49
1699046120.9126732,-64.4
1699046120.9191012,-63.25
1699046120.9276526,-62.11
1699046120.9355786,-60.79
1699046120.9424589,-59.52
1699046120.9495084,-58.32
1699046120.9563355,-57.1
1699046120.96441,-55.83
1699046120.973015,-54.47
1699046120.9812026,-53.18
1699046120.9874861,-52.14
1699046120.9942102,-51.21
1699046121.0004957,-50.14
1699046121.0068552,-49.13
1699046121.0132256,-48.07
1699046121.0202405,-47.04
1699046121.0286942,-45.84
1699046121.0364978,-44.65
1699046121.0450583,-43.52
1699046121.0527875,-42.4
1699046121.0589852,-41.34
1699046121.0652163,-40.38
1699046121.0716908,-39.33
1699046121.0781498,-38.23
1699046121.0848494,-37.22
1699046121.092369,-36.25
1699046121.1003602,-35.11
1699046121.1076064,-33.84
1699046121.1160645,-32.77
1699046121.1244953,-31.55
1699046121.131629,-30.35
1699046121.139531,-29.39
1699046121.1474311,-28.32
1699046121.1555274,-27.33
1699046121.1626499,-26.39
1699046121.1693003,-25.69
1699046121.1766443,-25.0
1699046121.1842327,-24.38
1699046121.190847,-23.7
1699046121.1971714,-23.4
1699046121.2039776,-23.18
1699046121.2101722,-22.94
1699046121.2162204,-22.85
1699046121.222576,-22.77
1699046121.2291586,-22.69
1699046121.2356188,-22.64
1699046121.2431066,-22.63
1699046121.2495933,-22.65
1699046121.255847,-22.86
1699046121.2621238,-23.11
1699046121.268929,-23.39
1699046121.275724,-23.65
1699046121.282649,-23.96
1699046121.2891014,-24.26
1699046121.2953112,-24.68
1699046121.3026495,-25.08
1699046121.3096697,-25.49
1699046121.3164718,-25.95
1699046121.3226776,-26.41
1699046121.3289735,-26.88
1699046121.3357856,-27.32
1699046121.3423638,-27.78
1699046121.348863,-28.25
1699046121.3559296,-28.75
1699046121.3622432,-29.3
1699046121.3685942,-29.88
1699046121.3750412,-30.53
1699046121.3812537,-31.18
1699046121.3875608,-31.78
1699046121.3939533,-32.39
1699046121.400779,-33.02
1699046121.4071507,-33.68
1699046121.4134932,-34.27
1699046121.4197352,-34.66
1699046121.426016,-35.36
1699046121.4324625,-35.63
1699046121.440151,-36.25
1699046121.4462168,-36.15
1699046121.45254,-36.13
1699046121.4587858,-35.74
1699046121.4649642,-34.93
1699046121.471162,-34.05
1699046121.47757,-33.3
1699046121.4836624,-32.64
1699046121.4902215,-31.95
1699046121.4963171,-31.21
1699046121.5026085,-30.48
1699046121.5092974,-29.85
1699046121.5159402,-29.55
1699046121.5223022,-29.52
1699046121.528563,-29.68
1699046121.5345948,-29.87
1699046121.5408125,-30.07
1699046121.5471842,-30.29
1699046121.5534866,-30.51
1699046121.5605278,-30.61
1699046121.5669363,-30.62
1699046121.573966,-30.57
1699046121.580913,-30.53
1699046121.588264,-30.53
1699046121.5948982,-30.52
1699046121.6009161,-30.47
1699046121.6076076,-30.35
1699046121.6147652,-30.16
1699046121.6217008,-29.87
1699046121.6284285,-29.55
1699046121.6355925,-29.17
1699046121.6421294,-28.8
1699046121.649475,-28.43
1699046121.6571393,-28.1
1699046121.664048,-27.81
1699046121.6713433,-27.56
1699046121.677414,-27.36
1699046121.684395,-27.18
1699046121.690848,-27.04
1699046121.6978757,-26.94
1699046121.7052956,-26.89
1699046121.7124565,-26.88
1699046121.7188017,-26.85
1699046121.7248359,-26.82
1699046121.7315023,-26.78
1699046121.7383218,-26.7
1699046121.7451437,-26.64
1699046121.7519636,-26.53
1699046121.7594664,-26.39
1699046121.7672818,-26.21
1699046121.7736495,-26.04
1699046121.7799566,-25.88
1699046121.7875407,-25.74
1699046121.7946384,-25.6
1699046121.8009055,-25.51
1699046121.807179,-25.4
1699046121.814957,-25.29
1699046121.820994,-25.19
1699046121.8272934,-25.07
1699046121.8334742,-24.96
1699046121.8396766,-24.84
1699046121.8460145,-24.71
1699046121.8522387,-24.6
1699046121.859011,-24.48
1699046121.8653367,-24.37
1699046121.8715851,-24.27
1699046121.8777492,-24.2
1699046121.8841188,-24.12
1699046121.8906567,-24.02
1699046121.8970098,-23.9
1699046121.9041839,-23.75
1699046121.9113734,-23.61
1699046121.9184,-23.46
1699046121.9247847,-23.33
1699046121.9315193,-23.22
1699046121.9385087,-23.13
1699046121.9448197,-23.05
1699046121.9515748,-22.97
1699046121.9591613,-22.87
1699046121.9657052,-22.83
1699046121.9719427,-22.79
1699046121.9786692,-22.78
1699046121.98564,-22.83
1699046121.9927487,-22.8
1699046121.9999082,-22.87
1699046122.0062618,-22.9
1699046122.0124104,-22.92
1699046122.0192647,-22.93
1699046122.0263813,-22.9
1699046122.0334835,-22.87
1699046122.0404875,-22.83
1699046122.0473554,-22.78
1699046122.054708,-22.69
1699046122.0618985,-22.81
1699046122.0691144,-22.73
1699046122.0764036,-22.69
1699046122.0831847,-22.65
1699046122.0902693,-22.6
1699046122.096949,-22.53
1699046122.1041932,-22.43
1699046122.1113498,-22.32
1699046122.118559,-22.22
1699046122.126018,-22.13
1699046122.132951,-21.99
1699046122.1401563,-21.88
1699046122.1473806,-21.79
1699046122.1543164,-21.68
1699046122.1615772,-21.55
1699046122.168601,-21.43
1699046122.1754923,-21.29
1699046122.1827784,-21.17
1699046122.1899533,-21.08
1699046122.1971533,-21.03
1699046122.2048552,-20.98
1699046122.212216,-20.95
1699046122.219156,-20.85
1699046122.2264519,-20.79
1699046122.2333033,-20.76
1699046122.2405374,-20.73
1699046122.2474163,-20.7
1699046122.2543468,-20.65
1699046122.2614193,-20.63
1699046122.2689285,-20.62
1699046122.2761118,-20.54
1699046122.2833219,-20.47
1699046122.290321,-20.47
1699046122.297488,-20.49
1699046122.304577,-20.51
1699046122.311724,-20.5
1699046122.3193254,-20.48
1699046122.3260236,-20.42
1699046122.3324037,-20.36
1699046122.3398504,-20.29
1699046122.34964,-20.22
1699046122.3575654,-20.15
1699046122.3694837,-20.07
1699046122.3776133,-20.01
1699046122.384684,-19.98
1699046122.3929312,-19.94
1699046122.4007673,-19.93
1699046122.4077983,-19.92
1699046122.4156244,-19.9
1699046122.4238927,-19.86
1699046122.4316275,-19.86
1699046122.438447,-19.83
1699046122.4458013,-19.8
1699046122.4531069,-19.78
1699046122.4604118,-19.77
1699046122.4687798,-19.74
1699046122.476314,-19.72
1699046122.483905,-19.71
1699046122.4903915,-19.72
1699046122.497631,-19.76
1699046122.5056212,-19.79
1699046122.513377,-19.79
1699046122.520048,-19.75
1699046122.5272474,-19.71
1699046122.5334725,-19.7
1699046122.5402985,-19.68
1699046122.5468001,-19.65
1699046122.5530753,-19.62
1699046122.5594842,-19.62
1699046122.566453,-19.63
1699046122.5726504,-19.62
1699046122.5792918,-19.61
1699046122.5860891,-19.61
1699046122.5928292,-19.6
1699046122.5996327,-19.6
1699046122.6067276,-19.6
1699046122.613277,-19.59
1699046122.6197662,-19.59
1699046122.6280966,-19.59
1699046122.6354682,-19.56
1699046122.6431859,-19.55
1699046122.6506462,-19.53
1699046122.6575534,-19.49
1699046122.6638625,-19.46
1699046122.6701038,-19.43
1699046122.6776597,-19.4
1699046122.6838565,-19.38
1699046122.6900609,-19.38
1699046122.6964633,-19.4
1699046122.70291,-19.42
1699046122.7092004,-19.43
1699046122.715476,-19.43
1699046122.721833,-19.44
1699046122.7283545,-19.45
1699046122.734703,-19.44
1699046122.7409585,-19.41
1699046122.7475939,-19.4
1699046122.7536502,-19.36
1699046122.760014,-19.33
1699046122.7663648,-19.31
1699046122.7727056,-19.31
1699046122.779479,-19.32
1699046122.7858021,-19.34
1699046122.7923167,-19.36
1699046122.7996051,-19.39
1699046122.8059115,-19.42
1699046122.8119462,-19.44
1699046122.8182082,-19.48
1699046122.825316,-19.5
1699046122.832595,-19.5
1699046122.8430998,-19.51
1699046122.8492475,-19.52
1699046122.8555841,-19.51
1699046122.8628767,-19.51
1699046122.870163,-19.52
1699046122.8771899,-19.52
1699046122.8839743,-19.53
1699046122.890194,-19.56
1699046122.8979628,-19.59
1699046122.904737,-19.64
1699046122.9116285,-19.67
1699046122.9181612,-19.68
1699046122.9245982,-19.69
1699046122.93134,-19.75
1699046122.939095,-19.81
1699046122.946421,-19.85
1699046122.9554155,-19.92
1699046122.9619362,-19.99
1699046122.9688854,-20.03
1699046122.9752414,-20.06
1699046122.981327,-20.09
1699046122.9876595,-20.14
1699046122.9939382,-20.21
1699046123.0004292,-20.3
1699046123.0077465,-20.48
1699046123.014386,-20.67
1699046123.020584,-20.89
1699046123.0269697,-21.13
1699046123.0331883,-21.35
1699046123.039879,-21.46
1699046123.0463414,-21.63
1699046123.0529277,-21.9
1699046123.0602016,-22.26
1699046123.0672104,-22.54
1699046123.0734274,-22.87
1699046123.0806932,-23.12
1699046123.0890281,-23.46
1699046123.0977688,-23.92
1699046123.105487,-24.48
1699046123.113554,-24.98
1699046123.1220844,-25.58
1699046123.1301858,-26.2
1699046123.1377792,-26.81
1699046123.1453907,-27.5
1699046123.153405,-28.2
1699046123.1605198,-28.89
1699046123.1670723,-29.47
1699046123.1732814,-30.07
1699046123.179451,-30.7
1699046123.186004,-31.26
1699046123.1921759,-31.94
1699046123.1985128,-32.63
1699046123.2048833,-33.27
1699046123.2112498,-33.91
1699046123.21742,-34.63
1699046123.2263749,-35.62
1699046123.2338583,-36.73
1699046123.2406602,-37.55
1699046123.248542,-38.7
1699046123.254934,-39.69
1699046123.260931,-40.66
1699046123.267237,-41.64
1699046123.2741325,-42.59
1699046123.2808774,-43.8
1699046123.2879515,-44.94
1699046123.2956307,-46.11
1699046123.3023283,-47.44
1699046123.3084128,-48.6
1699046123.3151727,-49.77
1699046123.3217201,-50.98
1699046123.3288043,-52.23
1699046123.334944,-53.7
1699046123.3413763,-55.01
1699046123.3478386,-56.44
1699046123.354663,-57.81
1699046123.3615127,-59.4
1699046123.3675568,-60.88
1699046123.3736439,-62.25
1699046123.379774,-63.52
1699046123.3859274,-64.68
1699046123.3921924,-65.77
1699046123.399115,-66.69
1699046123.4063396,-67.47
1699046123.4126873,-68.08
1699046123.4194002,-68.55
1699046123.4257712,-68.91
1699046123.432493,-69.15
1699046123.4393106,-69.47
1699046123.4459734,-69.81
1699046123.4529545,-70.24
1699046123.4593081,-70.71
1699046123.4659274,-71.24
1699046123.4727004,-71.84
1699046123.4790053,-72.46
1699046123.486042,-73.11
1699046123.4938493,-73.74
1699046123.500168,-74.35
1699046123.5089643,-74.76
1699046123.5153062,-75.22
1699046123.5224717,-75.51
1699046123.5294805,-75.8
1699046123.5368173,-75.99
1699046123.5444584,-76.17
1699046123.5509012,-76.33
1699046123.557679,-76.43
1699046123.5638633,-76.51
1699046123.5700638,-76.58
1699046123.5769715,-76.66
1699046123.5848687,-76.74
1699046123.5911329,-76.84
1699046123.597368,-76.92
1699046123.6036754,-77.0
1699046123.6106474,-77.09
1699046123.6179905,-77.19
1699046123.624576,-77.24
1699046123.631935,-77.25
1699046123.6400464,-77.26
1699046123.647205,-77.12
1699046123.6546526,-76.85
1699046123.661734,-76.48
1699046123.6710153,-75.97
1699046123.6783767,-75.34
1699046123.6851795,-74.63
1699046123.6913083,-73.93
1699046123.698155,-73.21
1699046123.7049901,-72.43
1699046123.7114487,-71.57
1699046123.7177286,-70.7
1699046123.724176,-69.76
1699046123.733434,-68.6
1699046123.7410655,-67.42
1699046123.748452,-66.3
1699046123.7548206,-65.27
1699046123.7617218,-64.35
1699046123.7713878,-63.11
1699046123.7785192,-62.08
1699046123.7861993,-60.98
1699046123.7935138,-59.89
1699046123.800852,-58.83
1699046123.808356,-57.73
1699046123.814788,-56.58
1699046123.8209655,-55.47
1699046123.827723,-54.41
1699046123.8340924,-53.37
1699046123.840565,-52.37
1699046123.8466656,-51.33
1699046123.8528411,-50.35
1699046123.859345,-49.39
1699046123.865619,-48.39
1699046123.8721411,-47.32
1699046123.8782911,-46.31
1699046123.8855636,-45.31
1699046123.8920834,-44.12
1699046123.8981533,-43.12
1699046123.9052808,-41.92
1699046123.9122581,-40.86
1699046123.9196756,-39.74
1699046123.926017,-38.58
1699046123.936093,-37.06
1699046123.9424317,-35.95
1699046123.950065,-34.83
1699046123.95632,-33.71
1699046123.963405,-32.85
1699046123.9718337,-31.5
1699046123.9780033,-30.6
1699046123.9842298,-29.7
1699046123.990419,-28.9
1699046123.9965503,-28.07
1699046124.003142,-27.32
1699046124.009314,-26.63
1699046124.0155923,-25.95
1699046124.021833,-25.33
1699046124.0282767,-24.75
1699046124.0345244,-24.31
1699046124.0413623,-23.95
1699046124.048802,-23.46
1699046124.0550897,-23.33
1699046124.0623505,-23.26
1699046124.0691934,-23.23
1699046124.076464,-23.32
1699046124.0828805,-23.37
1699046124.0896118,-23.52
1699046124.0958154,-23.68
1699046124.1036987,-23.85
1699046124.1104836,-24.05
1699046124.116933,-24.26
1699046124.123182,-24.47
1699046124.1300104,-24.74
1699046124.1375227,-24.99
1699046124.145171,-25.26
1699046124.1522195,-25.56
1699046124.1602755,-25.9
1699046124.1677868,-26.24
1699046124.1748183,-26.6
1699046124.1823444,-26.99
1699046124.1898437,-27.38
1699046124.1983185,-27.78
1699046124.2056422,-28.2
1699046124.2128,-28.66
1699046124.2202005,-29.15
1699046124.2278788,-29.57
1699046124.2355106,-30.11
1699046124.2424078,-30.59
1699046124.2508006,-31.09
1699046124.262039,-31.54
1699046124.2695942,-31.74
1699046124.2779155,-31.68
1699046124.2859056,-31.37
1699046124.29193,-30.99
1699046124.2983453,-30.6
1699046124.304737,-30.11
1699046124.3117607,-29.61
1699046124.3184505,-29.21
1699046124.3281536,-28.94
1699046124.3352249,-28.79
1699046124.3422143,-28.76
1699046124.3499296,-28.8
1699046124.3574762,-28.86
1699046124.3648417,-28.93
1699046124.3729522,-28.94
1699046124.379857,-28.88
1699046124.3871045,-28.8
1699046124.3945017,-28.68
1699046124.4021885,-28.51
1699046124.4096465,-28.35
1699046124.4171093,-28.14
1699046124.4246318,-27.91
1699046124.4326718,-27.63
1699046124.4392333,-27.34
1699046124.4462075,-27.06
1699046124.4540403,-26.76
1699046124.461124,-26.46
1699046124.4685664,-26.25
1699046124.476464,-26.08
1699046124.4847326,-26.02
1699046124.4917784,-25.93
1699046124.4990597,-25.83
1699046124.5064654,-25.77
1699046124.5141084,-25.7
1699046124.52152,-25.67
1699046124.5294235,-25.61
1699046124.5364954,-25.56
1699046124.5437164,-25.43
1699046124.5508063,-25.3
1699046124.5571032,-25.25
1699046124.5634549,-25.14
1699046124.5701437,-25.06
1699046124.576552,-24.79
1699046124.583291,-24.59
1699046124.5901866,-24.47
1699046124.5988698,-24.28
1699046124.6059334,-24.16
1699046124.6129947,-23.9
1699046124.6194916,-23.82
1699046124.6262167,-23.75
1699046124.6324995,-23.65
1699046124.639301,-23.54
1699046124.6460521,-23.45
1699046124.6533823,-23.39
1699046124.6603036,-23.35
1699046124.666489,-23.29
1699046124.6740687,-23.21
1699046124.6813977,-23.12
1699046124.689882,-23.04
1699046124.697698,-23.0
1699046124.7046115,-22.97
1699046124.711746,-22.91
1699046124.7189853,-23.01
1699046124.7271938,-23.15
1699046124.7343132,-23.27
1699046124.7416453,-23.32
1699046124.749715,-23.31
1699046124.7571356,-23.24
1699046124.764502,-23.2
1699046124.7732584,-23.14
1699046124.7802355,-23.05
1699046124.7881846,-22.99
1699046124.7952254,-22.9
1699046124.8026562,-22.8
1699046124.810025,-22.66
1699046124.8180103,-22.54
1699046124.8240952,-22.46
1699046124.8302784,-22.41
1699046124.8364894,-22.35
1699046124.8428404,-22.31
1699046124.8490984,-22.23
1699046124.8553736,-22.16
1699046124.8614843,-22.1
1699046124.867731,-22.0
1699046124.875234,-21.94
1699046124.882129,-21.9
1699046124.8893542,-21.92
1699046124.8960903,-21.99
1699046124.904344,-22.08
1699046124.912312,-22.15
1699046124.9184263,-22.19
1699046124.9246469,-22.23
1699046124.9317153,-22.22
1699046124.9393096,-22.21
1699046124.9468586,-22.24
1699046124.9542403,-22.3
1699046124.9608734,-22.34
1699046124.9670546,-22.33
1699046124.9733534,-22.26
1699046124.9795423,-22.21
1699046124.9864483,-22.2
1699046124.9936883,-22.16
1699046125.0007327,-22.09
1699046125.007444,-22.03
1699046125.0137882,-21.94
1699046125.020132,-21.82
1699046125.0264978,-21.71
1699046125.0337217,-21.59
1699046125.0412607,-21.35
1699046125.0478218,-21.18
1699046125.0546637,-21.01
1699046125.0608275,-20.83
1699046125.0676668,-20.63
1699046125.0748231,-20.45
1699046125.0818126,-20.35
1699046125.088166,-20.22
1699046125.0949242,-20.1
1699046125.101463,-19.99
1699046125.1084025,-19.92
1699046125.1152515,-19.88
1699046125.1214745,-19.84
1699046125.1285775,-19.8
1699046125.1352384,-19.8
1699046125.1433268,-19.76
1699046125.1517599,-19.71
1699046125.1601546,-19.65
1699046125.167951,-19.61
1699046125.175023,-19.57
1699046125.1836345,-19.52
1699046125.191204,-19.44
1699046125.1997576,-19.36
1699046125.2076318,-19.29
1699046125.2144535,-19.22
1699046125.2204769,-19.18
1699046125.2270608,-19.17
1699046125.2333949,-19.18
1699046125.2410529,-19.18
1699046125.2498934,-19.17
1699046125.258219,-19.18
1699046125.2661378,-19.24
1699046125.2732093,-19.23
1699046125.2824256,-19.23
1699046125.2901032,-19.23
1699046125.2964349,-19.23
1699046125.3024807,-19.24
1699046125.309226,-19.19
1699046125.3156674,-19.13
1699046125.3219957,-19.01
1699046125.3288782,-18.93
1699046125.3353934,-18.87
1699046125.3438413,-18.83
1699046125.3522265,-18.8
1699046125.3589737,-18.77
1699046125.3651261,-18.75
1699046125.37208,-18.7
1699046125.3787522,-18.64
1699046125.385792,-18.61
1699046125.3919206,-18.62
1699046125.398969,-18.66
1699046125.4055617,-18.66
1699046125.4117818,-18.61
1699046125.4180243,-18.57
1699046125.4251406,-18.54
1699046125.4322183,-18.5
1699046125.4392853,-18.33
1699046125.4456933,-18.29
1699046125.4520085,-18.27
1699046125.4582994,-18.29
1699046125.4649155,-18.3
1699046125.4721694,-18.3
1699046125.4789355,-18.3
1699046125.4859586,-18.29
1699046125.4922917,-18.28
1699046125.4993017,-18.25
1699046125.5061831,-18.24
1699046125.5130656,-18.25
1699046125.5195794,-18.25
1699046125.527038,-18.26
1699046125.53339,-18.26
1699046125.539875,-18.26
1699046125.546717,-18.28
1699046125.553336,-18.28
1699046125.559958,-18.26
1699046125.5671272,-18.23
1699046125.5741062,-18.23
1699046125.580488,-18.21
1699046125.586921,-18.24
1699046125.5937462,-18.25
1699046125.6002462,-18.27
1699046125.6069655,-18.34
1699046125.613816,-18.4
1699046125.6201096,-18.45
1699046125.6271017,-18.49
1699046125.633823,-18.54
1699046125.640194,-18.6
1699046125.6467645,-18.64
1699046125.6528747,-18.69
1699046125.6591897,-18.74
1699046125.665507,-18.82
1699046125.6719508,-18.91
1699046125.6781373,-18.98
1699046125.684685,-19.02
1699046125.6912732,-19.09
1699046125.6978025,-19.16
1699046125.704356,-19.22
1699046125.7108305,-19.29
1699046125.7170703,-19.36
1699046125.7240047,-19.5
1699046125.7307715,-19.66
1699046125.7373796,-19.81
1699046125.7441,-19.93
1699046125.7507246,-20.03
1699046125.7567213,-20.15
1699046125.763269,-20.3
1699046125.7700121,-20.46
1699046125.7761903,-20.64
1699046125.783247,-20.84
1699046125.7902732,-21.09
1699046125.797507,-21.35
1699046125.807075,-21.89
1699046125.8130739,-22.19
1699046125.819816,-22.52
1699046125.826442,-22.91
1699046125.8327718,-23.34
1699046125.839099,-23.78
1699046125.8462405,-24.36
1699046125.853324,-25.1
1699046125.8594832,-25.7
1699046125.8667092,-26.3
1699046125.8737016,-27.03
1699046125.8805766,-27.83
1699046125.8869858,-28.53
1699046125.89333,-29.29
1699046125.899588,-30.08
1699046125.9069593,-30.81
1699046125.9135432,-31.83
1699046125.9202855,-32.69
1699046125.9269524,-33.76
1699046125.9332807,-34.81
1699046125.9396722,-35.83
1699046125.945822,-36.71
1699046125.952544,-37.86
1699046125.9590366,-39.08
1699046125.9666839,-40.34
1699046125.9730556,-41.87
1699046125.9794714,-43.18
1699046125.9858274,-44.32
1699046125.992051,-45.78
1699046125.9981778,-47.21
1699046126.0047443,-48.66
1699046126.0114594,-50.04
1699046126.017998,-51.59
1699046126.0250354,-53.29
1699046126.0320265,-54.84
1699046126.0400162,-57.02
1699046126.0470738,-58.66
1699046126.0538409,-60.46
1699046126.0600326,-62.11
1699046126.0670578,-63.62
1699046126.0734954,-65.27
1699046126.0798461,-66.59
1699046126.0861228,-67.74
1699046126.0934048,-68.76
1699046126.100047,-69.71
1699046126.1077306,-70.45
1699046126.1137629,-71.16
1699046126.1199608,-71.67
1699046126.1262841,-72.02
1699046126.1332314,-72.27
1699046126.140349,-72.47
1699046126.1481183,-72.61
1699046126.1544046,-72.87
1699046126.1605313,-73.36
1699046126.166838,-74.07
1699046126.17392,-74.9
1699046126.181329,-75.85
1699046126.1888611,-77.0
1699046126.1970441,-78.16
1699046126.2045257,-79.12
1699046126.212253,-80.06
1699046126.219502,-80.84
1699046126.2272632,-81.53
1699046126.2340627,-82.14
1699046126.2403033,-82.57
1699046126.2462745,-82.86
1699046126.2525434,-83.09
1699046126.2588851,-83.25
1699046126.267248,-83.37
1699046126.2756667,-83.35
1699046126.2839403,-83.2
1699046126.2903128,-82.96
1699046126.2988834,-82.64
1699046126.306235,-82.19
1699046126.3128855,-81.69
1699046126.3192754,-81.11
1699046126.325779,-80.4
1699046126.332261,-79.55
1699046126.339299,-78.54
1699046126.3466783,-77.3
1699046126.354063,-75.97
1699046126.3611367,-74.6
1699046126.3675385,-73.22
1699046126.374162,-71.84
1699046126.3857086,-69.96
1699046126.3930693,-68.44
1699046126.4001284,-66.84
1699046126.4079492,-65.29
1699046126.4159303,-63.41
1699046126.4232335,-61.39
1699046126.4304194,-59.35
1699046126.4380567,-57.13
1699046126.4460146,-54.76
1699046126.452918,-52.27
1699046126.4600554,-49.85
1699046126.4677505,-47.1
1699046126.475242,-44.38
1699046126.482308,-41.42
1699046126.4890988,-38.55
1699046126.4954636,-35.7
1699046126.5017915,-33.05
1699046126.5083182,-30.67
1699046126.514675,-28.57
1699046126.5209928,-26.84
1699046126.5277452,-25.12
1699046126.5340047,-23.41
1699046126.540024,-21.97
1699046126.5459836,-20.59
1699046126.5521536,-19.33
1699046126.5583928,-17.89
1699046126.5647945,-16.47
1699046126.5718844,-15.23
1699046126.5782251,-13.93
1699046126.5845163,-12.77
1699046126.5906425,-11.66
1699046126.5966382,-10.68
1699046126.6028662,-9.74
1699046126.609204,-8.78
1699046126.6155167,-7.87
1699046126.6217215,-7.05
1699046126.627924,-6.3
1699046126.6346416,-5.63
1699046126.6424558,-4.64
1699046126.648999,-4.27
1699046126.655425,-4.09
1699046126.6623309,-4.15
1699046126.6690106,-4.35
1699046126.676092,-4.73
1699046126.6823835,-5.28
1699046126.6893077,-6.01
1699046126.6967413,-6.78
1699046126.7051725,-7.55
1699046126.7127907,-8.33
1699046126.7201467,-9.18
1699046126.7273412,-10.04
1699046126.73438,-10.94
1699046126.7430377,-11.88
1699046126.7501032,-12.89
1699046126.7575781,-14.02
1699046126.7652974,-15.23
1699046126.7736945,-16.71
1699046126.7804146,-18.15
1699046126.7882493,-19.58
1699046126.7963436,-20.87
1699046126.8036876,-21.9
1699046126.8117616,-22.46
1699046126.8196194,-22.24
1699046126.8270211,-21.39
1699046126.8351204,-20.29
1699046126.8440077,-19.5
1699046126.8512046,-19.23
1699046126.8575914,-19.29
1699046126.8635802,-19.46
1699046126.8699756,-19.85
1699046126.876389,-20.34
1699046126.88334,-20.73
1699046126.8897383,-20.95
1699046126.896024,-21.1
1699046126.9024594,-21.2
1699046126.9094949,-21.3
1699046126.9162061,-21.38
1699046126.9223454,-21.42
1699046126.928394,-21.38
1699046126.9351954,-21.32
1699046126.9414217,-21.33
1699046126.9474602,-21.26
1699046126.953704,-21.28
1699046126.9598787,-21.31
1699046126.9661906,-21.32
1699046126.972508,-21.31
1699046126.978795,-21.31
1699046126.984978,-21.31
1699046126.9921985,-21.33
1699046126.9985943,-21.39
1699046127.0048537,-21.43
1699046127.0111296,-21.42
1699046127.0175872,-21.39
1699046127.0237384,-21.34
1699046127.029967,-21.22
1699046127.036176,-21.15
1699046127.043362,-21.07
1699046127.0496206,-21.01
1699046127.0557754,-20.95
1699046127.062526,-20.87
1699046127.069681,-20.8
1699046127.0765252,-20.82
1699046127.0828395,-20.83
1699046127.0895176,-20.81
1699046127.0961385,-20.77
1699046127.1028764,-20.77
1699046127.1104715,-20.78
1699046127.1178052,-20.77
1699046127.1247892,-20.76
1699046127.1329057,-20.74
1699046127.1416,-20.6
1699046127.149577,-20.5
1699046127.1556313,-20.36
1699046127.1615658,-20.21
1699046127.1689045,-20.03
1699046127.17549,-19.86
1699046127.1817048,-19.72
1699046127.1888702,-19.61
1699046127.1966624,-19.43
1699046127.2028115,-19.41
1699046127.2089074,-19.4
1699046127.2153013,-19.49
1699046127.2215593,-19.49
1699046127.2279499,-19.58
1699046127.2342527,-19.65
1699046127.2404263,-19.7
1699046127.2483084,-19.68
1699046127.2543962,-19.65
1699046127.2605803,-19.62
1699046127.26712,-19.59
1699046127.27388,-19.54
1699046127.2812145,-19.5
1699046127.2885454,-19.49
1699046127.2953424,-19.5
1699046127.3054183,-19.51
1699046127.315039,-19.38
1699046127.3232245,-19.31
1699046127.3300314,-19.2
1699046127.3361943,-19.07
1699046127.3422203,-18.95
1699046127.348413,-18.82
1699046127.3546705,-18.72
1699046127.362376,-18.65
1699046127.3717773,-18.63
1699046127.3791988,-18.68
1699046127.3862398,-18.73
1699046127.3922632,-18.78
1699046127.398643,-18.88
1699046127.405031,-18.93
1699046127.4117694,-18.94
1699046127.4180417,-19.14
1699046127.4248464,-19.49
1699046127.431436,-19.86
1699046127.4375415,-20.08
1699046127.4440532,-20.3
1699046127.4505653,-20.46
1699046127.457085,-20.57
1699046127.4636378,-20.67
1699046127.4698958,-20.75
1699046127.4761386,-20.75
1699046127.483017,-20.76
1699046127.489121,-20.77
1699046127.495354,-20.76
1699046127.5037067,-20.84
1699046127.5117786,-20.91
1699046127.5190673,-20.91
1699046127.5267465,-20.85
1699046127.53464,-20.69
1699046127.542797,-20.56
1699046127.5504746,-20.39
1699046127.5582287,-20.22
1699046127.5646496,-20.06
1699046127.571407,-19.96
1699046127.5776603,-19.78
1699046127.5842733,-19.63
1699046127.5911145,-19.51
1699046127.599392,-19.39
1699046127.6063125,-19.27
1699046127.6137896,-19.18
1699046127.6213503,-19.08
1699046127.6293483,-18.98
1699046127.6364982,-18.92
1699046127.644269,-18.87
1699046127.6535678,-18.83
1699046127.6609755,-18.73
1699046127.6680565,-18.68
1699046127.676076,-18.63
1699046127.6845162,-18.54
1699046127.6936164,-18.46
1699046127.7011247,-18.4
1699046127.7086792,-18.33
1699046127.7151399,-18.29
1699046127.72243,-18.24
1699046127.728773,-18.2
1699046127.735137,-18.15
1699046127.7412243,-18.12
1699046127.7473257,-18.08
1699046127.7535214,-18.03
1699046127.7598708,-17.99
1699046127.7660697,-17.94
1699046127.7722151,-17.86
1699046127.7790647,-17.78
1699046127.7855995,-17.76
1699046127.7921617,-17.75
1699046127.7989817,-17.74
1699046127.8053868,-17.7
1699046127.8137558,-17.66
1699046127.8213313,-17.62
1699046127.8280284,-17.63
1699046127.8350103,-17.66
1699046127.842141,-17.68
1699046127.8485312,-17.7
1699046127.8548968,-17.68
1699046127.8615463,-17.66
1699046127.8682127,-17.67
1699046127.8764546,-17.71
1699046127.883692,-17.72
1699046127.890372,-17.75
1699046127.8970196,-17.81
1699046127.903922,-17.85
1699046127.911028,-17.88
1699046127.9180286,-17.89
1699046127.9256902,-17.9
1699046127.932095,-17.84
1699046127.9389474,-17.77
1699046127.9463062,-17.72
1699046127.9525065,-17.69
1699046127.9600074,-17.68
1699046127.9665613,-17.69
1699046127.9726322,-17.7
1699046127.9791183,-17.71
1699046127.9860086,-17.7
1699046127.992441,-17.71
1699046127.9987457,-17.72
1699046128.0049596,-17.71
1699046128.0113497,-17.68
1699046128.0175555,-17.64
1699046128.024295,-17.62
1699046128.030762,-17.6
1699046128.0383534,-17.6
1699046128.0449853,-17.6
1699046128.0513172,-17.59
1699046128.058045,-17.59
1699046128.0650463,-17.58
1699046128.0719476,-17.58
1699046128.0787373,-17.55
1699046128.0852656,-17.55
1699046128.092551,-17.55
1699046128.1004012,-17.55
1699046128.1076596,-17.56
1699046128.1149228,-17.54
1699046128.121931,-17.53
1699046128.1282141,-17.56
1699046128.1343188,-17.57
1699046128.1412227,-17.61
1699046128.1489232,-17.68
1699046128.1562443,-17.74
1699046128.163263,-17.87
1699046128.1704304,-18.02
1699046128.177582,-18.16
1699046128.1848848,-18.25
1699046128.1924794,-18.4
1699046128.1999285,-18.56
1699046128.207527,-18.68
1699046128.214667,-18.8
1699046128.2220674,-18.91
1699046128.230878,-19.07
1699046128.2393138,-19.51
1699046128.2457302,-19.19
1699046128.252794,-19.19
1699046128.263363,-19.7
1699046128.2698703,-20.01
1699046128.2760808,-20.31
1699046128.282417,-20.62
1699046128.288683,-20.94
1699046128.2949173,-21.25
1699046128.3011942,-21.68
1699046128.3075955,-22.16
1699046128.3175552,-22.78
1699046128.3250315,-23.38
1699046128.3316824,-24.08
1699046128.338384,-24.65
1699046128.3444726,-25.22
1699046128.350739,-25.71
1699046128.3573685,-26.3
1699046128.3635223,-27.05
1699046128.370846,-27.88
1699046128.3772213,-28.64
1699046128.3833733,-29.46
1699046128.3896444,-30.2
1699046128.3959117,-31.1
1699046128.402757,-31.93
1699046128.4093623,-32.93
1699046128.415657,-33.89
1699046128.4228938,-34.9
1699046128.4300683,-36.23
1699046128.4365103,-37.39
1699046128.4427102,-38.43
1699046128.4493942,-39.58
1699046128.4557517,-40.82
1699046128.462506,-42.03
1699046128.469293,-43.3
1699046128.47565,-44.68
1699046128.4820912,-46.07
1699046128.4890985,-47.44
1699046128.4973452,-49.26
1699046128.504659,-51.08
1699046128.5117102,-52.5
1699046128.5188556,-54.1
1699046128.5267932,-55.93
1699046128.5346067,-57.66
1699046128.5425189,-59.4
1699046128.550366,-61.05
1699046128.556501,-62.53
1699046128.5633917,-63.59
1699046128.569635,-64.54
1699046128.5758033,-65.28
1699046128.5827234,-66.02
1699046128.5900464,-66.68
1699046128.5978546,-67.17
1699046128.60505,-67.77
1699046128.6130593,-68.43
1699046128.6200635,-69.1
1699046128.6278856,-69.7
1699046128.6344867,-70.3
1699046128.6436071,-70.86
1699046128.6511126,-71.38
1699046128.6581094,-71.86
1699046128.6653872,-72.24
1699046128.672803,-72.54
1699046128.6803057,-72.82
1699046128.6874864,-73.09
1699046128.694202,-73.39
1699046128.7014146,-73.69
1699046128.7085288,-73.97
1699046128.7159984,-74.21
1699046128.7233284,-74.44
1699046128.7311516,-74.6
1699046128.7392309,-74.7
1699046128.7465577,-74.66
1699046128.7538116,-74.42
1699046128.761247,-74.03
1699046128.7680914,-73.42
1699046128.7752795,-72.69
1699046128.782405,-71.76
1699046128.789472,-70.67
1699046128.7966723,-69.38
1699046128.804956,-68.02
1699046128.8125675,-66.32
1699046128.8197422,-64.59
1699046128.8269298,-62.96
1699046128.8342855,-61.23
1699046128.8413436,-59.49
1699046128.8485594,-57.88
1699046128.8562763,-56.24
1699046128.8637369,-54.29
1699046128.8707907,-52.32
1699046128.8797421,-49.78
1699046128.8860114,-47.55
1699046128.8922322,-45.37
1699046128.8983274,-43.21
1699046128.9045746,-41.11
1699046128.9108882,-39.25
1699046128.9169176,-37.05
1699046128.9230084,-34.28
1699046128.929701,-30.96
1699046128.9359436,-27.16
1699046128.9422753,-23.33
1699046128.949037,-19.53
1699046128.9560323,-16.09
1699046128.9650404,-12.67
1699046128.971099,-10.63
1699046128.9775074,-9.15
1699046128.9836771,-8.09
1699046128.9901776,-7.27
1699046128.9965947,-6.3
1699046129.0034983,-5.33
1699046129.010079,-4.54
1699046129.0164027,-3.76
1699046129.0237231,-3.23
1699046129.030896,-2.65
1699046129.0382247,-2.22
1699046129.045209,-2.05
1699046129.0532513,-2.15
1699046129.060976,-2.25
1699046129.0679617,-2.61
1699046129.074263,-3.27
1699046129.0810013,-3.94
1699046129.087571,-4.56
1699046129.0938008,-5.2
1699046129.100013,-5.8
1699046129.1064172,-6.36
1699046129.113306,-6.93
1699046129.1218731,-8.21
1699046129.1280372,-7.4
1699046129.1365445,-8.8
1699046129.1449902,-10.48
1699046129.1516116,-12.85
1699046129.1589131,-14.98
1699046129.165185,-16.87
1699046129.1713076,-18.25
1699046129.1772747,-19.05
1699046129.1838164,-18.78
1699046129.1900854,-18.82
1699046129.1967504,-19.04
1699046129.2034533,-18.13
1699046129.2095652,-17.7
1699046129.2211387,-16.72
1699046129.2285078,-16.34
1699046129.235846,-16.0
1699046129.2422616,-15.62
1699046129.249096,-15.29
1699046129.2560122,-15.01
1699046129.2648454,-14.55
1699046129.273325,-14.13
1699046129.2812831,-13.86
1699046129.2883947,-13.85
1699046129.2967632,-13.93
1699046129.305228,-14.03
1699046129.3134377,-14.23
1699046129.3198957,-14.51
1699046129.327093,-14.8
1699046129.333758,-15.08
1699046129.342279,-15.35
1699046129.3508813,-15.53
1699046129.3576643,-15.7
1699046129.3644397,-15.86
1699046129.3718033,-16.01
1699046129.3781896,-16.16
1699046129.3850183,-16.29
1699046129.3931959,-16.34
1699046129.4001937,-16.36
1699046129.4071052,-16.34
1699046129.4136503,-16.32
1699046129.4214065,-16.28
1699046129.4293084,-16.23
1699046129.437625,-16.08
1699046129.4440303,-15.92
1699046129.4509313,-15.81
1699046129.458276,-15.8
1699046129.4646046,-15.78
1699046129.471983,-15.8
1699046129.4822192,-15.8
1699046129.489523,-15.86
1699046129.4965758,-15.91
1699046129.5035987,-15.88
1699046129.510235,-15.87
1699046129.5179856,-15.87
1699046129.5250752,-15.83
1699046129.5322812,-15.83
1699046129.5394707,-15.84
1699046129.547081,-15.86
1699046129.554038,-15.9
1699046129.5611699,-15.95
1699046129.568447,-16.01
1699046129.5755508,-16.09
1699046129.5832996,-16.21
1699046129.5909448,-16.31
1699046129.5979207,-16.4
1699046129.605045,-16.45
1699046129.6122963,-16.49
1699046129.619481,-16.54
1699046129.626718,-16.59
1699046129.6336656,-16.58
1699046129.641524,-16.51
1699046129.6489532,-16.4
1699046129.656109,-16.24
1699046129.6631503,-16.03
1699046129.6703362,-15.86
1699046129.6774638,-15.7
1699046129.6844041,-15.63
1699046129.6921258,-15.57
1699046129.6999555,-15.48
1699046129.7075658,-15.56
1699046129.7147863,-15.52
1699046129.7223427,-15.55
1699046129.7293017,-15.58
1699046129.736841,-15.61
1699046129.743953,-15.63
1699046129.7510567,-15.66
1699046129.758229,-15.7
1699046129.7653587,-15.77
1699046129.7725441,-15.85
1699046129.7795486,-15.9
1699046129.787534,-15.92
1699046129.7946842,-15.99
1699046129.802168,-16.08
1699046129.8093133,-16.16
1699046129.817118,-16.22
1699046129.8246555,-16.28
1699046129.8316014,-16.33
1699046129.8389702,-16.38
1699046129.8471332,-16.44
1699046129.8542378,-16.53
1699046129.8619888,-16.61
1699046129.869302,-16.67
1699046129.8757095,-16.73
1699046129.8827302,-16.78
1699046129.8889863,-16.83
1699046129.8955142,-16.88
1699046129.9020736,-16.93
1699046129.911239,-16.97
1699046129.9180422,-17.02
1699046129.925744,-17.08
1699046129.933355,-17.15
1699046129.9407234,-17.22
1699046129.9485736,-17.29
1699046129.9558241,-17.37
1699046129.963486,-17.45
1699046129.9698746,-17.52
1699046129.9762828,-17.57
1699046129.9824374,-17.62
1699046129.9885848,-17.69
1699046129.994887,-17.75
1699046130.001147,-17.8
1699046130.0075948,-17.85
1699046130.0156548,-17.93
1699046130.024395,-18.0
1699046130.0327013,-18.06
1699046130.0395882,-18.15
1699046130.046014,-18.22
1699046130.0527718,-18.28
1699046130.0596943,-18.35
1699046130.0681646,-18.42
1699046130.0750198,-18.51
1699046130.0814366,-18.58
1699046130.0881546,-18.64
1699046130.0964758,-18.7
1699046130.1047192,-18.76
1699046130.1126897,-18.82
1699046130.1190636,-18.86
1699046130.1263852,-18.88
1699046130.1332746,-18.91
1699046130.1413162,-18.93
1699046130.148483,-18.96
1699046130.1571238,-18.98
1699046130.1646438,-19.0
1699046130.1717699,-18.98
1699046130.1813283,-18.93
1699046130.1897328,-18.87
1699046130.1960056,-18.81
1699046130.2031994,-18.81
1699046130.2131488,-18.79
1699046130.2224834,-18.78
1699046130.2299984,-18.84
1699046130.2369313,-18.9
1699046130.244931,-18.96
1699046130.2520335,-19.05
1699046130.2592819,-19.15
1699046130.2664917,-19.25
1699046130.2730987,-19.37
1699046130.283587,-19.53
1699046130.289853,-19.62
1699046130.2959986,-19.74
1699046130.3021314,-19.83
1699046130.3082786,-19.91
1699046130.3144732,-20.0
1699046130.3215446,-20.1
1699046130.3278122,-20.24
1699046130.3342133,-20.39
1699046130.341018,-20.51
1699046130.3475802,-20.67
1699046130.3544395,-20.85
1699046130.3625753,-21.09
1699046130.3703477,-21.31
1699046130.3774154,-21.55
1699046130.3854265,-21.82
1699046130.3937948,-22.13
1699046130.402702,-22.46
1699046130.409149,-22.83
1699046130.415568,-23.11
1699046130.4235592,-23.5
1699046130.4297829,-23.82
1699046130.4365506,-24.13
1699046130.4428983,-24.51
1699046130.44908,-24.85
1699046130.4551558,-25.25
1699046130.4614885,-25.69
1699046130.4685557,-26.15
1699046130.4761531,-26.84
1699046130.4848824,-27.48
1699046130.4920685,-28.34
1699046130.4996657,-29.04
1699046130.507622,-29.81
1699046130.5156302,-30.79
1699046130.5235546,-31.78
1699046130.5304785,-32.91
1699046130.5381722,-33.9
1699046130.5455246,-35.07
1699046130.5524602,-36.18
1699046130.5604277,-37.34
1699046130.5669203,-38.68
1699046130.5732558,-39.82
1699046130.579312,-40.95
1699046130.5855808,-42.22
1699046130.593309,-43.44
1699046130.6021438,-45.19
1699046130.6093752,-47.0
1699046130.6183357,-48.63
1699046130.6255264,-50.58
1699046130.6329463,-52.24
1699046130.6404076,-53.96
1699046130.6484501,-55.67
1699046130.6571906,-58.05
1699046130.6646795,-60.22
1699046130.6727145,-61.98
1699046130.6804364,-63.96
1699046130.6880794,-65.46
1699046130.6969595,-66.78
1699046130.7040846,-67.85
1699046130.7109578,-68.46
1699046130.7173731,-68.79
1699046130.7236574,-68.86
1699046130.7302063,-68.85
1699046130.736583,-69.1
1699046130.7435205,-69.57
1699046130.753042,-70.14
1699046130.7612762,-70.81
1699046130.767929,-71.74
1699046130.7741678,-72.56
1699046130.7830317,-73.41
1699046130.7896554,-74.57
1699046130.7956457,-75.49
1699046130.8020673,-76.42
1699046130.8083496,-77.37
1699046130.814906,-78.32
1699046130.821161,-79.18
1699046130.828498,-80.07
1699046130.8351223,-81.01
1699046130.8412533,-81.78
1699046130.8475177,-82.43
1699046130.8542585,-83.07
1699046130.8608918,-83.64
1699046130.8674123,-84.1
1699046130.8743978,-84.45
1699046130.8806708,-84.75
1699046130.888013,-84.94
1699046130.8943477,-85.11
1699046130.9006286,-85.1
1699046130.9071262,-85.04
1699046130.9137192,-84.94
1699046130.9201849,-84.75
1699046130.9262683,-84.51
1699046130.932567,-84.21
1699046130.9388378,-83.87
1699046130.9453263,-83.46
1699046130.9519305,-82.98
1699046130.9584742,-82.42
1699046130.9649913,-81.74
1699046130.9712207,-80.97
1699046130.977503,-80.07
1699046130.9840364,-79.02
1699046130.9906178,-77.85
1699046130.997121,-76.55
1699046131.0035655,-75.19
1699046131.0104086,-73.79
1699046131.0167522,-72.19
1699046131.0234113,-70.59
1699046131.0296307,-68.89
1699046131.0360942,-67.05
1699046131.0425892,-65.09
1699046131.049193,-63.14
1699046131.0554702,-61.06
1699046131.061986,-59.22
1699046131.0690746,-57.46
1699046131.07977,-55.0
1699046131.0864377,-52.97
1699046131.0932841,-50.9
1699046131.1001604,-48.52
1699046131.1067576,-46.02
1699046131.113794,-43.66
1699046131.1200323,-41.54
1699046131.1269958,-39.5
1699046131.133455,-37.53
1699046131.13978,-35.68
1699046131.146783,-33.82
1699046131.1535544,-31.95
1699046131.160559,-30.24
1699046131.166791,-28.64
1699046131.173155,-27.25
1699046131.1799567,-25.83
1699046131.1862419,-24.41
1699046131.1927893,-23.09
1699046131.1995792,-21.72
1699046131.2069356,-20.23
1699046131.2138848,-18.61
1699046131.221543,-17.18
1699046131.228927,-16.0
1699046131.2357616,-14.63
1699046131.24291,-13.45
1699046131.2494888,-12.38
1699046131.2561467,-11.36
1699046131.262451,-10.44
1699046131.2687907,-9.65
1699046131.2754066,-8.9
1699046131.2819173,-8.17
1699046131.2879875,-7.56
1699046131.2951517,-7.01
1699046131.3021522,-6.37
1699046131.3091388,-5.7
1699046131.3165154,-5.25
1699046131.324261,-4.44
1699046131.3306916,-4.06
1699046131.3373728,-3.72
1699046131.3436618,-3.44
1699046131.3499706,-3.23
1699046131.3578155,-2.89
1699046131.3642142,-2.87
1699046131.3705502,-2.86
1699046131.3777912,-2.88
1699046131.3844543,-2.99
1699046131.3918872,-3.08
1699046131.3980296,-3.24
1699046131.40456,-3.57
1699046131.4110756,-3.92
1699046131.4175463,-4.32
1699046131.4241128,-4.78
1699046131.4304085,-5.24
1699046131.436895,-5.73
1699046131.4433959,-6.22
1699046131.4497032,-6.72
1699046131.4562578,-7.22
1699046131.468346,-7.69
1699046131.474824,-8.26
1699046131.4814074,-8.88
1699046131.4879026,-9.49
1699046131.4943044,-10.08
1699046131.5006435,-10.62
1699046131.5071654,-11.11
1699046131.5143974,-11.56
1699046131.521049,-12.06
1699046131.5273926,-12.55
1699046131.535351,-13.06
1699046131.5417805,-13.58
1699046131.548866,-14.11
1699046131.5600102,-14.48
1699046131.567252,-14.85
1699046131.574326,-15.2
1699046131.582372,-15.42
1699046131.5887105,-15.7
1699046131.5954244,-15.95
1699046131.6026964,-16.25
1699046131.6089928,-16.36
1699046131.6161551,-16.52
1699046131.6233423,-16.63
1699046131.6298616,-16.57
1699046131.6362708,-16.43
1699046131.6433651,-16.22
1699046131.6498537,-16.0
1699046131.6564395,-15.51
1699046131.6630557,-14.85
1699046131.6699042,-14.21
1699046131.6763422,-13.97
1699046131.6827717,-14.06
1699046131.6891718,-14.41
1699046131.6963441,-15.08
1699046131.7027645,-15.7
1699046131.7109246,-16.25
1699046131.7186255,-16.72
1699046131.7267148,-17.09
1699046131.7341225,-17.38
1699046131.7417135,-17.7
1699046131.7505724,-18.02
1699046131.758694,-18.39
1699046131.7667737,-18.7
1699046131.773715,-18.93
1699046131.7805042,-19.1
1699046131.7879653,-19.19
1699046131.7956038,-19.28
1699046131.8027518,-19.34
1699046131.8103678,-19.43
1699046131.8188589,-19.49
1699046131.8264642,-19.5
1699046131.8336914,-19.48
1699046131.8415282,-19.48
1699046131.8493462,-19.48
1699046131.8565202,-19.47
1699046131.8638172,-19.44
1699046131.8706331,-19.39
1699046131.8787074,-19.29
1699046131.8863928,-19.23
1699046131.8937986,-19.2
1699046131.9005587,-19.19
1699046131.906894,-19.19
1699046131.9131238,-19.18
1699046131.919298,-19.16
1699046131.925357,-19.16
1699046131.9315372,-19.16
1699046131.9377537,-19.16
1699046131.9443302,-19.16
1699046131.9529276,-19.15
1699046131.9601293,-19.13
1699046131.967631,-19.12
1699046131.9752195,-19.09
1699046131.9828968,-19.05
1699046131.9908485,-19.0
1699046131.998401,-18.99
1699046132.0059316,-19.02
1699046132.0126584,-19.0
1699046132.0189545,-18.99
1699046132.0257905,-18.99
1699046132.0323238,-18.99
1699046132.0402248,-18.99
1699046132.047132,-19.0
1699046132.0547535,-18.99
1699046132.062008,-18.98
1699046132.069022,-18.97
1699046132.07676,-18.95
1699046132.0847132,-18.91
1699046132.0915082,-18.89
1699046132.0986366,-18.87
1699046132.1051502,-18.86
1699046132.1125963,-18.84
1699046132.1203666,-18.8
1699046132.1281562,-18.75
1699046132.136626,-18.73
1699046132.1439774,-18.65
1699046132.1519349,-18.59
1699046132.1597397,-18.54
1699046132.1673734,-18.46
1699046132.1755123,-18.44
1699046132.1830087,-18.38
1699046132.1907763,-18.35
1699046132.1984258,-18.31
1699046132.2053828,-18.26
1699046132.213117,-18.23
1699046132.220531,-18.19
1699046132.2275722,-18.15
1699046132.2351673,-18.11
1699046132.243103,-18.1
1699046132.2509222,-18.1
1699046132.2580705,-18.08
1699046132.2656956,-18.06
1699046132.2733688,-18.05
1699046132.2807667,-18.04
1699046132.2885082,-18.01
1699046132.2961586,-17.99
1699046132.3038816,-17.97
1699046132.311313,-17.92
1699046132.3184154,-17.87
1699046132.3263059,-17.87
1699046132.3346531,-17.8
1699046132.341423,-17.78
1699046132.3479707,-17.8
1699046132.354222,-17.82
1699046132.3613567,-17.8
1699046132.3679228,-17.8
1699046132.3761055,-17.77
1699046132.3844204,-17.77
1699046132.3915403,-17.71
1699046132.3988605,-17.7
1699046132.4059772,-17.69
1699046132.4130895,-17.69
1699046132.4207346,-17.69
1699046132.4288352,-17.69
1699046132.438752,-17.69
1699046132.4454103,-17.7
1699046132.4518626,-17.71
1699046132.4585054,-17.7
1699046132.4651341,-17.72
1699046132.4717348,-17.72
1699046132.4782863,-17.72
1699046132.4855359,-17.73
1699046132.4925213,-17.73
1699046132.499709,-17.74
1699046132.506033,-17.74
1699046132.5129502,-17.75
1699046132.5193872,-17.73
1699046132.525621,-17.74
1699046132.5319984,-17.74
1699046132.5387342,-17.77
1699046132.5455763,-17.79
1699046132.5529418,-17.79
1699046132.5593467,-17.82
1699046132.5660002,-17.85
1699046132.5726812,-17.87
1699046132.5793886,-17.86
1699046132.5862763,-17.88
1699046132.5933793,-17.88
1699046132.5997565,-17.85
1699046132.6061413,-17.85
1699046132.6124659,-17.84
1699046132.619346,-17.84
1699046132.6256611,-17.83
1699046132.6324167,-17.84
1699046132.6391795,-17.86
1699046132.6455853,-17.88
1699046132.6525378,-17.88
1699046132.6589382,-17.94
1699046132.665451,-18.02
1699046132.6724648,-18.02
1699046132.6796439,-18.08
1699046132.6859024,-18.14
1699046132.6924288,-18.18
1699046132.6987627,-18.25
1699046132.705233,-18.34
1699046132.7114222,-18.37
1699046132.718922,-18.45
1699046132.7261465,-18.54
1699046132.7326403,-18.64
1699046132.7414892,-18.74
1699046132.7494504,-18.89
1699046132.7572684,-19.02
1699046132.765419,-19.17
1699046132.7724974,-19.37
1699046132.7803288,-19.7
1699046132.7873476,-19.58
1699046132.7946637,-19.77
1699046132.80221,-19.94
1699046132.8103518,-20.1
1699046132.8175092,-20.25
1699046132.825544,-20.4
1699046132.832557,-20.62
1699046132.84087,-20.87
1699046132.8477626,-21.17
1699046132.8548338,-21.5
1699046132.8626485,-21.91
1699046132.8693786,-22.43
1699046132.875467,-22.83
1699046132.8814883,-23.23
1699046132.887818,-23.67
1699046132.8940196,-24.19
1699046132.9041057,-24.75
1699046132.9115593,-25.65
1699046132.918167,-26.38
1699046132.924508,-26.99
1699046132.9312048,-27.62
1699046132.9392738,-28.36
1699046132.9463432,-29.1
1699046132.9535122,-29.93
1699046132.960626,-30.79
1699046132.9677706,-31.61
1699046132.9750838,-32.39
1699046132.9828432,-33.33
1699046132.990078,-34.28
1699046132.9972842,-35.15
1699046133.0043771,-36.02
1699046133.0122967,-36.94
1699046133.019966,-38.1
1699046133.02779,-39.25
1699046133.0351717,-40.43
1699046133.0423195,-41.56
1699046133.0497754,-42.78
1699046133.0575387,-44.27
1699046133.064439,-45.75
1699046133.0719912,-47.13
1699046133.0804398,-48.81
1699046133.0877433,-50.61
1699046133.0949886,-52.11
1699046133.1020203,-53.75
1699046133.1095445,-55.39
1699046133.1162956,-57.16
1699046133.1235328,-58.81
1699046133.131219,-60.54
1699046133.1380928,-62.37
1699046133.1461422,-63.85
1699046133.155195,-65.54
1699046133.1614492,-66.51
1699046133.1684413,-67.24
1699046133.1753168,-67.82
1699046133.1813676,-67.93
1699046133.1877413,-67.84
1699046133.1946106,-67.46
1699046133.2017963,-66.68
1699046133.2092228,-65.93
1699046133.2155614,-65.14
1699046133.2231088,-64.16
1699046133.2295728,-62.82
1699046133.2355862,-61.54
1699046133.2419794,-60.26
1699046133.2492383,-58.97
1699046133.2575839,-57.67
1699046133.2647915,-56.2
1699046133.2710752,-54.76
1699046133.277331,-53.29
1699046133.2835016,-51.89
1699046133.2900972,-50.43
1699046133.2975552,-48.92
1699046133.3042974,-47.31
1699046133.3113723,-45.8
1699046133.3208551,-43.79
1699046133.3283815,-42.19
1699046133.3349981,-40.42
1699046133.3413525,-38.87
1699046133.348995,-37.37
1699046133.355961,-35.8
1699046133.3637059,-34.24
1699046133.3706622,-32.65
1699046133.3771307,-31.28
1699046133.3857622,-29.85
1699046133.3945065,-28.17
1699046133.4026995,-26.72
1699046133.4090452,-25.44
1699046133.4157999,-24.4
1699046133.4222372,-23.33
1699046133.4289205,-22.36
1699046133.4361916,-21.33
1699046133.4439852,-20.19
1699046133.4512274,-19.1
1699046133.4574552,-18.0
1699046133.4636512,-17.24
1699046133.4705257,-16.45
1699046133.4776437,-15.56
1699046133.4848824,-14.63
1699046133.4911246,-13.95
1699046133.4976995,-13.29
1699046133.504055,-12.71
1699046133.5110781,-12.13
1699046133.5190308,-11.43
1699046133.5277133,-10.63
1699046133.5358815,-9.7
1699046133.542482,-9.26
1699046133.551605,-8.76
1699046133.5597734,-8.08
1699046133.567624,-7.55
1699046133.5760772,-6.82
1699046133.5826006,-6.59
1699046133.5897748,-6.38
1699046133.5961096,-6.1
1699046133.6036065,-5.95
1699046133.6109347,-5.56
1699046133.6170168,-5.49
1699046133.6231277,-5.48
1699046133.6318488,-5.46
1699046133.639637,-5.27
1699046133.6461496,-5.27
1699046133.6521902,-5.45
1699046133.6589146,-5.6
1699046133.6650605,-5.84
1699046133.6726112,-6.13
1699046133.6800566,-6.49
1699046133.6887589,-6.91
1699046133.695691,-7.39
1699046133.702254,-8.09
1699046133.7085767,-8.88
1699046133.7148464,-9.81
1699046133.7237186,-10.77
1699046133.7307174,-11.83
1699046133.7379947,-12.96
1699046133.746124,-14.15
1699046133.7545915,-15.45
1699046133.7625177,-16.86
1699046133.7700877,-18.32
1699046133.7771504,-19.09
1699046133.7840834,-19.16
1699046133.7914772,-18.8
1699046133.7993011,-17.73
1699046133.8060265,-16.8
1699046133.812916,-17.15
1699046133.8199282,-18.3
1699046133.827126,-19.75
1699046133.8362668,-20.82
1699046133.8445683,-22.0
1699046133.8520103,-22.85
1699046133.8594592,-23.45
1699046133.867557,-24.08
1699046133.874682,-24.79
1699046133.8831127,-25.32
1699046133.8896947,-25.79
1699046133.8960738,-26.06
1699046133.9022455,-26.28
1699046133.9083288,-26.42
1699046133.9146197,-26.52
1699046133.9208562,-26.65
1699046133.927473,-26.76
1699046133.9338453,-26.85
1699046133.940153,-26.86
1699046133.946735,-26.78
1699046133.9528382,-26.69
1699046133.9595978,-26.56
1699046133.966041,-26.44
1699046133.972351,-26.32
1699046133.9787912,-26.18
1699046133.9870353,-26.04
1699046133.9935083,-25.86
1699046133.99984,-25.69
1699046134.0072937,-25.52
1699046134.0147545,-25.39
1699046134.0224354,-25.23
1699046134.0299606,-25.04
1699046134.0368075,-24.87
1699046134.0445364,-24.71
1699046134.0529962,-24.51
1699046134.060049,-24.31
1699046134.0678024,-24.14
1699046134.0758505,-23.99
1699046134.082251,-23.81
1699046134.0882952,-23.64
1699046134.0949788,-23.46
1699046134.1037326,-23.3
1699046134.1112542,-23.11
1699046134.1188357,-22.94
1699046134.126668,-22.76
1699046134.1338606,-22.59
1699046134.1413805,-22.43
1699046134.1492963,-22.28
1699046134.1572998,-22.14
1699046134.165784,-22.01
1699046134.1731696,-21.89
1699046134.1808195,-21.78
1699046134.18836,-21.66
1699046134.1965075,-21.56
1699046134.2040577,-21.47
1699046134.212167,-21.38
1699046134.2195823,-21.32
1699046134.2261744,-21.25
1699046134.2324789,-21.17
1699046134.2397618,-21.1
1699046134.2461717,-21.02
1699046134.2526512,-20.96
1699046134.2604275,-20.9
1699046134.2678285,-20.83
1699046134.275716,-20.75
1699046134.2841501,-20.69
1699046134.2922328,-20.66
1699046134.2989998,-20.59
1699046134.3061473,-20.53
1699046134.313332,-20.49
1699046134.321669,-20.48
1699046134.327959,-20.48
1699046134.33459,-20.45
1699046134.3413923,-20.42
1699046134.3478034,-20.39
1699046134.3560624,-20.38
1699046134.3637297,-20.36
1699046134.3707573,-20.35
1699046134.3780332,-20.33
1699046134.386047,-20.29
1699046134.3935025,-20.26
1699046134.4010549,-20.23
1699046134.4072735,-20.26
1699046134.4146073,-20.24
1699046134.4208817,-20.23
1699046134.4279552,-20.24
1699046134.4349327,-20.26
1699046134.4416971,-20.28
1699046134.449718,-20.26
1699046134.4557467,-20.25
1699046134.4626741,-20.25
1699046134.4690022,-20.24
1699046134.4758203,-20.21
1699046134.4827728,-20.18
1699046134.489037,-20.22
1699046134.4957657,-20.21
1699046134.5019398,-20.23
1699046134.5079563,-20.26
1699046134.515331,-20.3
1699046134.5227864,-20.52
1699046134.5289865,-20.52
1699046134.53609,-20.36
1699046134.542776,-20.51
1699046134.5507047,-20.51
1699046134.557816,-20.56
1699046134.5648625,-20.59
1699046134.5711946,-20.67
1699046134.577556,-20.77
1699046134.5839946,-20.9
1699046134.5901027,-21.07
1699046134.5969105,-21.23
1699046134.6039083,-21.57
1699046134.6116748,-22.03
1699046134.618039,-22.62
1699046134.6242878,-23.07
1699046134.630419,-23.58
1699046134.6370063,-24.13
1699046134.6439064,-24.75
1699046134.6506655,-25.51
1699046134.6589603,-26.33
1699046134.6654017,-27.29
1699046134.6716595,-28.05
1699046134.6804652,-29.27
1699046134.6864433,-30.34
1699046134.6947591,-31.33
1699046134.7033167,-32.7
1699046134.7118108,-34.35
1699046134.7188993,-35.97
1699046134.7273085,-37.3
1699046134.7354257,-39.31
1699046134.743843,-41.17
1699046134.7518547,-42.73
1699046134.758265,-44.36
1699046134.764513,-45.76
1699046134.770844,-47.04
1699046134.7769973,-48.36
1699046134.7841518,-49.67
1699046134.791097,-51.37
1699046134.7976365,-53.08
1699046134.8037455,-54.7
1699046134.809905,-56.34
1699046134.816336,-58.02
1699046134.8228831,-59.66
1699046134.8294928,-61.06
1699046134.835688,-62.14
1699046134.84385,-63.02
1699046134.8502698,-63.82
1699046134.856541,-64.13
1699046134.863954,-64.4
1699046134.8707914,-64.39
1699046134.8772779,-64.2
1699046134.8833482,-63.86
1699046134.889295,-63.72
1699046134.8959155,-63.5
1699046134.903216,-62.72
1699046134.9100053,-61.82
1699046134.9172103,-60.92
1699046134.9238834,-59.72
1699046134.9299881,-58.6
1699046134.936811,-57.6
1699046134.9432862,-56.53
1699046134.950031,-55.46
1699046134.9570854,-54.33
1699046134.9651024,-53.08
1699046134.9713125,-51.65
1699046134.9793477,-50.27
1699046134.9872,-48.67
1699046134.9951322,-46.82
1699046135.002709,-44.95
1699046135.0095634,-43.06
1699046135.0162864,-41.28
1699046135.025318,-39.6
1699046135.032641,-37.52
1699046135.040651,-35.8
1699046135.048518,-34.02
1699046135.0567799,-32.25
1699046135.0636296,-30.55
1699046135.0709624,-29.14
1699046135.0794423,-27.65
1699046135.088407,-25.81
1699046135.0964472,-24.06
1699046135.1039526,-22.48
1699046135.110276,-21.11
1699046135.1182363,-19.88
1699046135.1255631,-18.47
1699046135.1328747,-17.24
1699046135.140585,-15.99
1699046135.1476767,-14.78
1699046135.154742,-13.76
1699046135.162643,-12.71
1699046135.1695924,-11.73
1699046135.1765711,-10.98
1699046135.1839051,-10.25
1699046135.1915345,-9.6
1699046135.199147,-8.89
1699046135.2069263,-8.31
1699046135.21466,-7.69
1699046135.2223277,-7.17
1699046135.2298057,-6.75
1699046135.2374184,-6.36
1699046135.244863,-6.05
1699046135.2514925,-5.74
1699046135.2583141,-5.57
1699046135.265708,-5.42
1699046135.2734094,-5.23
1699046135.2809258,-5.1
1699046135.2891607,-4.99
1699046135.2962024,-4.94
1699046135.3035254,-5.11
1699046135.3116496,-5.33
1699046135.320321,-5.5
1699046135.3264425,-6.05
1699046135.332705,-6.66
1699046135.3393593,-7.39
1699046135.3464596,-8.17
1699046135.3527572,-9.03
1699046135.3591347,-10.0
1699046135.3654022,-11.05
1699046135.372372,-12.16
1699046135.3790464,-13.35
1699046135.3855517,-14.58
1699046135.393406,-15.92
1699046135.399849,-17.35
1699046135.4069488,-18.45
1699046135.4134886,-19.11
1699046135.420068,-19.36
1699046135.4269986,-19.22
1699046135.433698,-18.8
1699046135.440876,-18.73
1699046135.4470992,-19.17
1699046135.453332,-19.84
1699046135.4596007,-20.52
1699046135.466257,-21.2
1699046135.4736106,-21.76
1699046135.4802537,-22.15
1699046135.4875588,-22.44
1699046135.4937975,-22.61
1699046135.5001948,-22.79
1699046135.5072656,-22.94
1699046135.5137696,-23.29
1699046135.5207043,-23.53
1699046135.5276015,-23.71
1699046135.5339696,-23.76
1699046135.5405064,-23.77
1699046135.547019,-23.77
1699046135.5532463,-23.8
1699046135.5601118,-23.83
1699046135.5668964,-23.88
1699046135.5738323,-23.93
1699046135.5800393,-23.9
1699046135.5863068,-23.79
1699046135.5942369,-23.65
