1699045963.3517604,-0.34
1699045963.3668096,-0.7
1699045963.3811173,-1.06
1699045963.3919842,-1.4
1699045963.4036055,-1.74
1699045963.4178073,-2.07
1699045963.431443,-2.39
1699045963.4427018,-2.7
1699045963.4539251,-3.01
1699045963.4664552,-3.32
1699045963.4777055,-3.63
1699045963.4844503,-3.94
1699045963.4906087,-4.23
1699045963.4970946,-4.52
1699045963.5035894,-4.8
1699045963.5113003,-5.08
1699045963.517598,-5.34
1699045963.523972,-5.6
1699045963.5303812,-5.86
1699045963.53674,-6.1
1699045963.543182,-6.36
1699045963.5495083,-6.61
1699045963.555607,-6.85
1699045963.5618474,-7.08
1699045963.5682166,-7.32
1699045963.574586,-7.54
1699045963.5808992,-7.76
1699045963.5870118,-7.98
1699045963.59353,-8.19
1699045963.5998845,-8.4
1699045963.6062193,-8.6
1699045963.6124067,-8.8
1699045963.6187813,-8.98
1699045963.6250024,-9.16
1699045963.631571,-9.34
1699045963.6379397,-9.52
1699045963.6441736,-9.69
1699045963.650714,-9.87
1699045963.656915,-10.03
1699045963.663237,-10.17
1699045963.669521,-10.33
1699045963.6758897,-10.48
1699045963.6822674,-10.64
1699045963.6884606,-10.79
1699045963.6949706,-10.94
1699045963.7013326,-11.08
1699045963.7076101,-11.22
1699045963.7136848,-11.37
1699045963.7200818,-11.51
1699045963.7263808,-11.64
1699045963.73275,-11.78
1699045963.7389371,-11.91
1699045963.7451391,-12.05
1699045963.751461,-12.17
1699045963.7577214,-12.29
1699045963.763861,-12.41
1699045963.7701411,-12.53
1699045963.7764761,-12.64
1699045963.7828336,-12.73
1699045963.788915,-12.83
1699045963.795276,-12.93
1699045963.8015587,-13.04
1699045963.807908,-13.14
1699045963.8139808,-13.24
1699045963.8201733,-13.34
1699045963.826446,-13.44
1699045963.8326945,-13.53
1699045963.8388,-13.63
1699045963.8450296,-13.72
1699045963.851357,-13.82
1699045963.8576543,-13.91
1699045963.8639646,-14.01
1699045963.8700268,-14.09
1699045963.8766139,-14.18
1699045963.8829644,-14.27
1699045963.8892574,-14.35
1699045963.8959773,-14.43
1699045963.9027832,-14.5
1699045963.9091508,-14.58
1699045963.9158273,-14.66
1699045963.922372,-14.72
1699045963.9289546,-14.78
1699045963.9357302,-14.85
1699045963.941972,-14.91
1699045963.948398,-14.95
1699045963.9548361,-15.02
1699045963.96115,-15.08
1699045963.967429,-15.15
1699045963.9734652,-15.21
1699045963.9799242,-15.27
1699045963.9862037,-15.33
1699045963.9924536,-15.38
1699045963.998769,-15.44
1699045964.0051165,-15.5
1699045964.0114157,-15.55
1699045964.0183609,-15.6
1699045964.0249124,-15.65
1699045964.0310457,-15.71
1699045964.037719,-15.76
1699045964.044457,-15.81
1699045964.0511916,-15.85
1699045964.0574396,-15.87
1699045964.0634284,-15.93
1699045964.070153,-15.97
1699045964.0768354,-16.01
1699045964.0831187,-16.04
1699045964.089502,-16.07
1699045964.096143,-16.11
1699045964.1027007,-16.15
1699045964.1091814,-16.18
1699045964.115333,-16.21
1699045964.1220028,-16.25
1699045964.1285322,-16.29
1699045964.1351528,-16.32
1699045964.1413093,-16.35
1699045964.1473987,-16.4
1699045964.1541457,-16.43
1699045964.1607418,-16.47
1699045964.1670544,-16.5
1699045964.1733592,-16.53
1699045964.179976,-16.56
1699045964.186702,-16.61
1699045964.1932068,-16.65
1699045964.1993928,-16.68
1699045964.20594,-16.71
1699045964.212562,-16.74
1699045964.2196815,-16.77
1699045964.2257957,-16.8
1699045964.2318733,-16.83
1699045964.2387125,-16.86
1699045964.245467,-16.88
1699045964.2516272,-16.9
1699045964.2588446,-16.9
1699045964.2652547,-16.91
1699045964.272792,-16.94
1699045964.2789803,-16.95
1699045964.285154,-16.98
1699045964.2914026,-17.01
1699045964.2976277,-17.05
1699045964.304183,-17.06
1699045964.3101676,-17.08
1699045964.3174481,-17.1
1699045964.3242636,-17.12
1699045964.3306494,-17.14
1699045964.3367116,-17.17
1699045964.3429682,-17.18
1699045964.3495972,-17.21
1699045964.3561978,-17.22
1699045964.3623164,-17.24
1699045964.3683167,-17.26
1699045964.3750174,-17.28
1699045964.382019,-17.29
1699045964.3881469,-17.31
1699045964.3945692,-17.31
1699045964.4010086,-17.31
1699045964.4076166,-17.33
1699045964.4142637,-17.34
1699045964.4205658,-17.35
1699045964.4270937,-17.38
1699045964.4335206,-17.4
1699045964.4397726,-17.42
1699045964.446156,-17.43
1699045964.4526975,-17.43
1699045964.4591699,-17.45
1699045964.4659848,-17.46
1699045964.4723623,-17.45
1699045964.4797194,-17.46
1699045964.4887757,-17.46
1699045964.49599,-17.47
1699045964.5035515,-17.48
1699045964.5101793,-17.49
1699045964.5172231,-17.52
1699045964.524387,-17.52
1699045964.5317962,-17.54
1699045964.538938,-17.55
1699045964.5462608,-17.56
1699045964.5526702,-17.57
1699045964.5598114,-17.56
1699045964.566013,-17.57
1699045964.5722952,-17.57
1699045964.5785124,-17.56
1699045964.5849888,-17.57
1699045964.5911438,-17.58
1699045964.5979886,-17.59
1699045964.6048975,-17.6
1699045964.6118991,-17.62
1699045964.6180089,-17.62
1699045964.6252046,-17.62
1699045964.6319447,-17.62
1699045964.6387317,-17.62
1699045964.64498,-17.62
1699045964.6513736,-17.62
1699045964.6582,-17.61
1699045964.6652963,-17.61
1699045964.6715097,-17.62
1699045964.6777449,-17.63
1699045964.684623,-17.63
1699045964.6910553,-17.64
1699045964.697247,-17.64
1699045964.703339,-17.65
1699045964.710597,-17.66
1699045964.718359,-17.66
1699045964.725519,-17.67
1699045964.732719,-17.68
1699045964.741027,-17.69
1699045964.7492728,-17.69
1699045964.7574759,-17.7
1699045964.764953,-17.71
1699045964.7718863,-17.73
1699045964.7795255,-17.73
1699045964.7873824,-17.72
1699045964.7955291,-17.72
1699045964.8033466,-17.74
1699045964.811206,-17.75
1699045964.8188927,-17.75
1699045964.826415,-17.77
1699045964.8342032,-17.78
1699045964.8422294,-17.79
1699045964.8493817,-17.79
1699045964.8571975,-17.79
1699045964.8651195,-17.81
1699045964.871909,-17.81
1699045964.8791173,-17.81
1699045964.8872,-17.81
1699045964.895127,-17.82
1699045964.9017196,-17.8
1699045964.9086394,-17.8
1699045964.9146855,-17.8
1699045964.9210188,-17.81
1699045964.9274049,-17.81
1699045964.93344,-17.82
1699045964.9397151,-17.81
1699045964.9460864,-17.82
1699045964.95245,-17.82
1699045964.9585173,-17.83
1699045964.9645388,-17.83
1699045964.9709504,-17.83
1699045964.9773688,-17.83
1699045964.9836152,-17.84
1699045964.9897292,-17.84
1699045964.9957972,-17.86
1699045965.002112,-17.86
1699045965.0088153,-17.86
1699045965.0149083,-17.85
1699045965.021149,-17.85
1699045965.0274663,-17.86
1699045965.03373,-17.86
1699045965.039812,-17.86
1699045965.0467436,-17.88
1699045965.0529468,-17.9
1699045965.0592332,-17.89
1699045965.065853,-17.89
1699045965.0721552,-17.88
1699045965.0786126,-17.89
1699045965.0849347,-17.91
1699045965.0914311,-17.91
1699045965.09774,-17.92
1699045965.1041527,-17.94
1699045965.1104975,-17.94
1699045965.1168396,-17.94
1699045965.122938,-17.95
1699045965.129201,-17.95
1699045965.1354537,-17.95
1699045965.1416907,-17.93
1699045965.1479979,-17.94
1699045965.154045,-17.94
1699045965.1601782,-17.92
1699045965.1663945,-17.93
1699045965.1726744,-17.93
1699045965.179076,-17.93
1699045965.1852443,-17.93
1699045965.1914651,-17.95
1699045965.1976564,-17.94
1699045965.203814,-17.94
1699045965.209941,-17.94
1699045965.216374,-17.95
1699045965.222509,-17.93
1699045965.228686,-17.93
1699045965.234749,-17.93
1699045965.2409294,-17.92
1699045965.2472057,-17.92
1699045965.2537675,-17.93
1699045965.2598822,-17.94
1699045965.2659853,-17.92
1699045965.2721136,-17.92
1699045965.2783556,-17.93
1699045965.284952,-17.93
1699045965.291272,-17.94
1699045965.297318,-17.94
1699045965.3034828,-17.94
1699045965.3098094,-17.93
1699045965.3161552,-17.92
1699045965.322248,-17.92
1699045965.328261,-17.93
1699045965.3344834,-17.93
1699045965.3407645,-17.92
1699045965.3472726,-17.9
1699045965.3533745,-17.91
1699045965.359373,-17.9
1699045965.3655543,-17.9
1699045965.3717344,-17.9
1699045965.3780322,-17.88
1699045965.384095,-17.88
1699045965.3901148,-17.89
1699045965.3963795,-17.9
1699045965.4026978,-17.89
1699045965.4095864,-17.89
1699045965.4163048,-17.89
1699045965.4225252,-17.89
1699045965.4288397,-17.89
1699045965.4349782,-17.89
1699045965.4410844,-17.89
1699045965.4473846,-17.9
1699045965.453615,-17.91
1699045965.4601536,-17.91
1699045965.466489,-17.9
1699045965.472829,-17.91
1699045965.4792528,-17.91
1699045965.4857295,-17.92
1699045965.4918149,-17.93
1699045965.497971,-17.93
1699045965.5042253,-17.94
1699045965.510505,-17.95
1699045965.5180686,-17.95
1699045965.5268972,-17.95
1699045965.5346608,-17.94
1699045965.5415,-17.94
1699045965.548508,-17.94
1699045965.5560932,-17.95
1699045965.5623262,-17.95
1699045965.5688665,-17.95
1699045965.576196,-17.94
1699045965.5836253,-17.94
1699045965.5905242,-17.93
1699045965.596778,-17.93
1699045965.6029987,-17.96
1699045965.6090255,-17.96
1699045965.6162524,-17.96
1699045965.623189,-17.95
1699045965.630112,-17.94
1699045965.6362295,-17.95
1699045965.642847,-17.95
1699045965.6496406,-17.94
1699045965.655879,-17.95
1699045965.6621258,-17.94
1699045965.6681256,-17.95
1699045965.6749947,-17.95
1699045965.6819167,-17.97
1699045965.6890476,-17.98
1699045965.695204,-17.98
1699045965.7017107,-17.98
1699045965.7085967,-17.99
1699045965.7152383,-17.99
1699045965.7214098,-18.0
1699045965.7273924,-18.0
1699045965.7339907,-18.02
1699045965.740954,-18.03
1699045965.7479594,-18.03
1699045965.7542868,-18.02
1699045965.7614188,-18.03
1699045965.772368,-18.05
1699045965.7794805,-18.05
1699045965.7868917,-18.05
1699045965.7936022,-18.06
1699045965.7996051,-18.06
1699045965.8061337,-18.06
1699045965.8124592,-18.04
1699045965.8214984,-18.04
1699045965.8289373,-18.05
1699045965.8362675,-18.05
1699045965.8429885,-18.04
1699045965.8498063,-18.04
1699045965.8569155,-18.03
1699045965.8638957,-18.03
1699045965.8701835,-18.03
1699045965.8765113,-18.03
1699045965.8831525,-18.03
1699045965.889711,-18.03
1699045965.896349,-18.02
1699045965.902401,-18.02
1699045965.9089305,-18.02
1699045965.9156263,-18.01
1699045965.9227922,-18.01
1699045965.9294686,-18.03
1699045965.9359345,-18.03
1699045965.9424453,-18.02
1699045965.9490285,-18.03
1699045965.9557748,-18.03
1699045965.9617958,-18.03
1699045965.9683273,-18.03
1699045965.9750423,-18.04
1699045965.981986,-18.04
1699045965.9882128,-18.03
1699045965.9941857,-18.03
1699045966.0007045,-18.03
1699045966.0073466,-18.03
1699045966.0144083,-18.03
1699045966.0206072,-18.03
1699045966.0268598,-18.03
1699045966.0334127,-18.02
1699045966.0401585,-18.02
1699045966.0463524,-18.03
1699045966.0529852,-18.04
1699045966.0597067,-18.05
1699045966.0663362,-18.05
1699045966.0725222,-18.03
1699045966.0784864,-18.03
1699045966.0849082,-18.03
1699045966.0911384,-18.02
1699045966.0986156,-18.03
1699045966.106413,-18.02
1699045966.1136758,-18.02
1699045966.1212406,-18.01
1699045966.1275697,-18.0
1699045966.1341083,-18.0
1699045966.1411889,-17.99
1699045966.1477046,-17.99
1699045966.153741,-17.98
1699045966.1604633,-17.97
1699045966.1677434,-17.96
1699045966.1738563,-17.96
1699045966.1799557,-17.96
1699045966.1867085,-17.96
1699045966.1934407,-17.98
1699045966.1999903,-17.97
1699045966.2060976,-17.97
1699045966.2124062,-17.96
1699045966.219177,-17.98
1699045966.2254608,-17.98
1699045966.2315686,-17.98
1699045966.2375526,-17.97
1699045966.2442386,-17.96
1699045966.2512279,-17.95
1699045966.2579207,-17.95
1699045966.2642183,-17.95
1699045966.2715356,-17.96
1699045966.2784655,-17.95
1699045966.2856355,-17.95
1699045966.2921371,-17.95
1699045966.298742,-17.94
1699045966.3047297,-17.93
1699045966.3114507,-17.95
1699045966.318475,-17.94
1699045966.325536,-17.95
1699045966.3316288,-17.95
1699045966.3380766,-17.95
1699045966.3449094,-17.94
1699045966.3513288,-17.92
1699045966.357423,-17.92
1699045966.3634477,-17.91
1699045966.370208,-17.9
1699045966.3772337,-17.9
1699045966.3833764,-17.9
1699045966.3901675,-17.9
1699045966.3972106,-17.9
1699045966.4043732,-17.89
1699045966.4108572,-17.9
1699045966.417491,-17.89
1699045966.4256327,-17.88
1699045966.4338193,-17.88
1699045966.4401412,-17.88
1699045966.4467707,-17.88
1699045966.4540994,-17.9
1699045966.4601946,-17.89
1699045966.4665027,-17.9
1699045966.4728625,-17.89
1699045966.479656,-17.89
1699045966.4856386,-17.89
1699045966.491853,-17.89
1699045966.49806,-17.89
1699045966.504289,-17.89
1699045966.5105758,-17.88
1699045966.517327,-17.88
1699045966.5236776,-17.88
1699045966.5302715,-17.89
1699045966.5370362,-17.87
1699045966.5434408,-17.87
1699045966.5504723,-17.9
1699045966.5566971,-17.9
1699045966.5631168,-17.91
1699045966.5702739,-17.91
1699045966.5770853,-17.91
1699045966.5839102,-17.91
1699045966.5902708,-17.93
1699045966.5971975,-17.93
1699045966.6037416,-17.93
1699045966.6108544,-17.93
1699045966.6184008,-17.93
1699045966.625118,-17.92
1699045966.6336346,-17.91
1699045966.6398633,-17.91
1699045966.6460721,-17.91
1699045966.6523209,-17.91
1699045966.658714,-17.89
1699045966.665231,-17.9
1699045966.6722345,-17.89
1699045966.6786427,-17.89
1699045966.6850224,-17.91
1699045966.6914282,-17.91
1699045966.6982841,-17.91
1699045966.704487,-17.91
1699045966.7112992,-17.9
1699045966.7197769,-17.91
1699045966.7270105,-17.91
1699045966.7340043,-17.91
1699045966.7402053,-17.9
1699045966.7470407,-17.91
1699045966.7540543,-17.91
1699045966.7602463,-17.91
1699045966.7662098,-17.91
1699045966.772921,-17.92
1699045966.779864,-17.92
1699045966.7861345,-17.91
1699045966.7923043,-17.91
1699045966.7988183,-17.91
1699045966.8055887,-17.92
1699045966.8123243,-17.93
1699045966.8184326,-17.92
1699045966.8244283,-17.9
1699045966.831367,-17.9
1699045966.838298,-17.9
1699045966.8443847,-17.91
1699045966.8510587,-17.9
1699045966.8579125,-17.9
1699045966.864168,-17.92
1699045966.8702781,-17.94
1699045966.8763454,-17.94
1699045966.8832312,-17.93
1699045966.8896909,-17.92
1699045966.895843,-17.91
1699045966.902483,-17.91
1699045966.9094584,-17.92
1699045966.9157298,-17.92
1699045966.9217536,-17.92
1699045966.9280756,-17.92
1699045966.934345,-17.91
1699045966.9416647,-17.91
1699045966.948147,-17.91
1699045966.9563372,-17.93
1699045966.9627168,-17.93
1699045966.96992,-17.93
1699045966.9763052,-17.94
1699045966.9823804,-17.94
1699045966.9886384,-17.94
1699045966.9951522,-17.93
1699045967.0014052,-17.94
1699045967.0080779,-17.93
1699045967.0141985,-17.93
1699045967.020466,-17.92
1699045967.0267024,-17.92
1699045967.0329726,-17.91
1699045967.03995,-17.92
1699045967.0467963,-17.92
1699045967.0536592,-17.93
1699045967.0607765,-17.93
1699045967.0688357,-17.94
1699045967.0750277,-17.93
1699045967.0822625,-17.93
1699045967.090027,-17.95
1699045967.0963945,-17.95
1699045967.1031146,-17.96
1699045967.1098628,-17.98
1699045967.1168926,-17.98
1699045967.1231675,-17.98
1699045967.1308286,-18.0
1699045967.137567,-18.0
1699045967.1445801,-17.99
1699045967.150755,-17.99
1699045967.1569395,-17.99
1699045967.1640651,-17.99
1699045967.1725957,-18.0
1699045967.179972,-17.99
1699045967.1872394,-17.98
1699045967.1941018,-17.99
1699045967.2010074,-17.97
1699045967.208285,-17.97
1699045967.215262,-17.97
1699045967.2219875,-17.96
1699045967.229109,-17.95
1699045967.236054,-17.94
1699045967.2436848,-17.95
1699045967.2508981,-17.96
1699045967.2572877,-17.96
1699045967.270183,-17.96
1699045967.2764475,-17.96
1699045967.282667,-17.97
1699045967.288784,-17.95
1699045967.2950947,-17.97
1699045967.3023758,-17.96
1699045967.3089504,-17.95
1699045967.3153248,-17.95
1699045967.3216872,-17.95
1699045967.3281689,-17.97
1699045967.3358932,-17.96
1699045967.342104,-17.96
1699045967.3484697,-17.96
1699045967.3546126,-17.96
1699045967.360947,-17.95
1699045967.3673313,-17.95
1699045967.3746605,-17.95
1699045967.3815978,-17.95
1699045967.388604,-17.94
1699045967.395274,-17.94
1699045967.4052193,-17.94
1699045967.4113753,-17.94
1699045967.4176412,-17.94
1699045967.4243984,-17.94
1699045967.4316616,-17.94
1699045967.4379816,-17.94
1699045967.4449482,-17.94
1699045967.4528413,-17.94
1699045967.4591184,-17.93
1699045967.4653213,-17.94
1699045967.4714928,-17.94
1699045967.4780843,-17.95
1699045967.4846764,-17.95
1699045967.4910514,-17.95
1699045967.4973848,-17.94
1699045967.5036862,-17.95
1699045967.51002,-17.95
1699045967.5168126,-17.94
1699045967.523399,-17.94
1699045967.530111,-17.92
1699045967.536479,-17.91
1699045967.542721,-17.92
1699045967.5494163,-17.94
1699045967.555805,-17.94
1699045967.56224,-17.94
1699045967.5687573,-17.94
1699045967.5776563,-17.94
1699045967.5849965,-17.95
1699045967.5930684,-17.96
1699045967.600628,-17.97
1699045967.6073227,-17.96
1699045967.6162703,-17.96
1699045967.623034,-17.95
1699045967.630209,-17.95
1699045967.6376662,-17.94
1699045967.6439688,-17.93
1699045967.6513612,-17.92
1699045967.659447,-17.92
1699045967.6663895,-17.92
1699045967.6733022,-17.91
1699045967.6815238,-17.91
1699045967.688793,-17.91
1699045967.7005413,-17.92
1699045967.707308,-17.93
1699045967.7140126,-17.93
1699045967.721142,-17.92
1699045967.7284982,-17.93
1699045967.7354934,-17.93
1699045967.7415977,-17.92
1699045967.7485168,-17.92
1699045967.7563176,-17.92
1699045967.7632449,-17.92
1699045967.769418,-17.92
1699045967.7755451,-17.92
1699045967.7817414,-17.92
1699045967.7886245,-17.91
1699045967.7954943,-17.91
1699045967.801654,-17.9
1699045967.8078809,-17.91
1699045967.814781,-17.91
1699045967.821434,-17.91
1699045967.8284464,-17.91
1699045967.8374472,-17.91
1699045967.8439682,-17.91
1699045967.8507166,-17.91
1699045967.857809,-17.92
1699045967.8645866,-17.92
1699045967.8716142,-17.91
1699045967.8783119,-17.91
1699045967.884791,-17.9
1699045967.8920896,-17.9
1699045967.8982506,-17.9
1699045967.9042826,-17.9
1699045967.911351,-17.89
1699045967.9187438,-17.89
1699045967.925372,-17.9
1699045967.9314408,-17.9
1699045967.9378345,-17.9
1699045967.9441907,-17.9
1699045967.9503279,-17.89
1699045967.957244,-17.89
1699045967.963382,-17.88
1699045967.970325,-17.88
1699045967.9771633,-17.88
1699045967.9847355,-17.87
1699045967.9909866,-17.87
1699045967.998152,-17.87
1699045968.0053568,-17.87
1699045968.013435,-17.86
1699045968.0198514,-17.86
1699045968.0264769,-17.86
1699045968.0335014,-17.86
1699045968.0423553,-17.86
1699045968.04884,-17.85
1699045968.055332,-17.84
1699045968.0626645,-17.84
1699045968.0701616,-17.83
1699045968.0772517,-17.83
1699045968.0836678,-17.83
1699045968.0919971,-17.82
1699045968.1002486,-17.82
1699045968.1089156,-17.82
1699045968.1160886,-17.82
1699045968.1240673,-17.82
1699045968.1319096,-17.81
1699045968.140219,-17.81
1699045968.1475253,-17.8
1699045968.1543489,-17.8
1699045968.1612132,-17.8
1699045968.1682394,-17.8
1699045968.1754143,-17.8
1699045968.1867735,-17.79
1699045968.1953948,-17.79
1699045968.2040837,-17.79
1699045968.210296,-17.79
1699045968.216454,-17.81
1699045968.2257638,-17.81
1699045968.2326674,-17.81
1699045968.2395616,-17.81
1699045968.2479649,-17.82
1699045968.2571204,-17.81
1699045968.2646852,-17.81
1699045968.2720206,-17.82
1699045968.280431,-17.82
1699045968.287178,-17.82
1699045968.293638,-17.82
1699045968.2997265,-17.83
1699045968.305982,-17.84
1699045968.3126266,-17.84
1699045968.3190098,-17.85
1699045968.325206,-17.85
1699045968.3329792,-17.87
1699045968.3428495,-17.87
1699045968.349132,-17.87
1699045968.3562026,-17.87
1699045968.362187,-17.88
1699045968.3693104,-17.88
1699045968.3756,-17.89
1699045968.382946,-17.89
1699045968.3891523,-17.89
1699045968.395347,-17.89
1699045968.401523,-17.88
1699045968.4079647,-17.89
1699045968.4143238,-17.89
1699045968.4206595,-17.89
1699045968.4279332,-17.89
1699045968.4357514,-17.9
1699045968.44242,-17.9
1699045968.4486144,-17.89
1699045968.4548843,-17.9
1699045968.4612317,-17.9
1699045968.4672985,-17.9
1699045968.4734309,-17.92
1699045968.4822528,-17.92
1699045968.49169,-17.92
1699045968.5008316,-17.93
1699045968.5109203,-17.94
1699045968.5218914,-17.96
1699045968.5329108,-17.96
1699045968.5428433,-17.96
1699045968.5526953,-17.95
1699045968.5634012,-17.94
1699045968.5733256,-17.93
1699045968.5818932,-17.92
1699045968.588887,-17.92
1699045968.5964413,-17.92
1699045968.6044064,-17.93
1699045968.612221,-17.93
1699045968.619878,-17.93
1699045968.627165,-17.95
1699045968.6348488,-17.95
1699045968.642775,-17.98
1699045968.6499932,-17.98
1699045968.6569612,-17.98
1699045968.6652288,-17.98
1699045968.672396,-17.99
1699045968.6798527,-17.99
1699045968.6873538,-17.99
1699045968.6947803,-17.99
1699045968.7028975,-18.02
1699045968.70921,-18.05
1699045968.7154706,-18.06
1699045968.7217922,-18.08
1699045968.7280958,-18.1
1699045968.7343426,-18.1
1699045968.7405343,-18.1
1699045968.7465856,-18.1
1699045968.7529721,-18.11
1699045968.7597659,-18.13
1699045968.7660425,-18.15
1699045968.773427,-18.16
1699045968.7814617,-18.17
1699045968.7886522,-18.18
1699045968.7956192,-18.2
1699045968.8024528,-18.21
1699045968.808764,-18.23
1699045968.8183377,-18.27
1699045968.8254013,-18.28
1699045968.8323998,-18.27
1699045968.8389149,-18.3
1699045968.8462079,-18.32
1699045968.8524683,-18.33
1699045968.8592207,-18.34
1699045968.8662689,-18.36
1699045968.8725185,-18.38
1699045968.8790188,-18.41
1699045968.886024,-18.44
1699045968.8925302,-18.45
1699045968.8999426,-18.46
1699045968.9062965,-18.49
1699045968.9126358,-18.51
1699045968.9189067,-18.53
1699045968.9255927,-18.54
1699045968.9324224,-18.54
1699045968.9395366,-18.57
1699045968.9459538,-18.58
1699045968.9524713,-18.6
1699045968.9595046,-18.59
1699045968.9657545,-18.6
1699045968.9750123,-18.62
1699045968.9813144,-18.63
1699045968.9876015,-18.65
1699045968.994934,-18.66
1699045969.001963,-18.67
1699045969.00882,-18.7
1699045969.0156512,-18.73
1699045969.02171,-18.75
1699045969.0285094,-18.79
1699045969.035445,-18.84
1699045969.041838,-18.86
1699045969.0494971,-18.91
1699045969.056893,-18.98
1699045969.0646393,-19.05
1699045969.0727322,-19.14
1699045969.080377,-19.22
1699045969.0873623,-19.3
1699045969.095195,-19.38
1699045969.1025996,-19.47
1699045969.110067,-19.56
1699045969.1171412,-19.67
1699045969.12489,-19.77
1699045969.1322274,-19.85
1699045969.1390142,-19.96
1699045969.146354,-20.06
1699045969.1543462,-20.16
1699045969.1619036,-20.27
1699045969.16884,-20.37
1699045969.1763978,-20.45
1699045969.184324,-20.55
1699045969.1918309,-20.66
1699045969.199564,-20.76
1699045969.2070086,-20.89
1699045969.213622,-20.98
1699045969.2203443,-21.07
1699045969.226676,-21.17
1699045969.235938,-21.3
1699045969.2419305,-21.4
1699045969.2483041,-21.49
1699045969.2544844,-21.57
1699045969.260825,-21.65
1699045969.2672913,-21.74
1699045969.27353,-21.85
1699045969.2797155,-21.94
1699045969.2857404,-22.04
1699045969.2920215,-22.14
1699045969.2983844,-22.24
1699045969.3045676,-22.35
1699045969.3110664,-22.47
1699045969.3176448,-22.56
1699045969.3237858,-22.69
1699045969.3298972,-22.81
1699045969.336203,-22.93
1699045969.3424282,-23.04
1699045969.3486557,-23.19
1699045969.355079,-23.32
1699045969.361253,-23.44
1699045969.3673897,-23.58
1699045969.3745663,-23.72
1699045969.3814588,-23.88
1699045969.3883102,-24.04
1699045969.3950114,-24.2
1699045969.4010172,-24.34
1699045969.4077592,-24.51
1699045969.4143982,-24.66
1699045969.4212165,-24.8
1699045969.4276676,-24.97
1699045969.433874,-25.12
1699045969.440091,-25.28
1699045969.446784,-25.43
1699045969.4535737,-25.63
1699045969.4602394,-25.85
1699045969.4671,-26.1
1699045969.4735749,-26.38
1699045969.4796286,-26.65
1699045969.4864922,-26.93
1699045969.4936283,-27.27
1699045969.500462,-27.69
1699045969.5068328,-28.04
1699045969.513406,-28.38
1699045969.5200617,-28.75
1699045969.5270524,-29.21
1699045969.5338898,-29.68
1699045969.540469,-30.14
1699045969.5471256,-30.58
1699045969.5531979,-31.02
1699045969.559285,-31.54
1699045969.565712,-32.12
1699045969.5721436,-32.68
1699045969.5783079,-33.29
1699045969.5846088,-33.87
1699045969.591336,-34.45
1699045969.5975323,-35.11
1699045969.6047177,-35.7
1699045969.61156,-36.45
1699045969.6179314,-37.12
1699045969.6248245,-37.79
1699045969.631121,-38.48
1699045969.6391883,-39.13
1699045969.6456087,-39.97
1699045969.651908,-40.64
1699045969.6581666,-41.24
1699045969.6642807,-41.82
1699045969.6705976,-42.45
1699045969.6771321,-43.02
1699045969.6835344,-43.64
1699045969.6898563,-44.24
1699045969.6974845,-45.02
1699045969.7045074,-45.64
1699045969.7116692,-46.49
1699045969.7186527,-47.35
1699045969.7257414,-48.2
1699045969.732121,-49.12
1699045969.7383873,-49.93
1699045969.744786,-50.9
1699045969.7519429,-51.91
1699045969.7595959,-53.12
1699045969.7659025,-54.2
1699045969.7723587,-55.15
1699045969.778917,-56.04
1699045969.7858865,-56.97
1699045969.792552,-57.83
1699045969.7989557,-58.59
1699045969.805638,-59.27
1699045969.8123014,-59.82
1699045969.818917,-60.31
1699045969.8255317,-60.68
1699045969.8325617,-60.96
1699045969.840384,-61.13
1699045969.8479595,-61.12
1699045969.854887,-61.05
1699045969.8620265,-60.89
1699045969.869123,-60.64
1699045969.876673,-60.27
1699045969.8842578,-60.01
1699045969.8919997,-59.64
1699045969.899252,-59.17
1699045969.9069388,-58.61
1699045969.914477,-57.94
1699045969.9210806,-57.15
1699045969.928604,-56.38
1699045969.9357743,-55.53
1699045969.9437542,-54.58
1699045969.950963,-53.59
1699045969.9638526,-52.16
1699045969.9735208,-50.84
1699045969.9799018,-49.81
1699045969.9864867,-48.77
1699045969.9925237,-47.8
1699045969.9991138,-46.77
1699045970.0055752,-45.81
1699045970.013941,-44.81
1699045970.021403,-43.62
1699045970.0281267,-42.54
1699045970.0353386,-41.52
1699045970.0435748,-40.38
1699045970.0514777,-39.21
1699045970.0590897,-38.09
1699045970.0663235,-37.03
1699045970.073153,-35.94
1699045970.0796468,-35.07
1699045970.0876558,-34.19
1699045970.0942886,-33.11
1699045970.100334,-32.35
1699045970.106559,-31.61
1699045970.1132832,-30.92
1699045970.1197383,-30.11
1699045970.1260955,-29.41
1699045970.1326077,-28.69
1699045970.1386578,-28.02
1699045970.1448882,-27.36
1699045970.1513648,-26.7
1699045970.15794,-26.04
1699045970.1647403,-25.34
1699045970.1708407,-24.65
1699045970.177116,-24.06
1699045970.1840324,-23.45
1699045970.190585,-22.82
1699045970.1969159,-22.27
1699045970.2034085,-21.77
1699045970.2100768,-21.25
1699045970.2160885,-20.76
1699045970.2225828,-20.32
1699045970.2288163,-19.85
1699045970.236042,-19.38
1699045970.2438297,-18.84
1699045970.2508984,-18.23
1699045970.258496,-17.65
1699045970.2662559,-17.02
1699045970.273698,-16.37
1699045970.2807002,-15.78
1699045970.2884142,-15.29
1699045970.2959964,-14.74
1699045970.3035023,-14.18
1699045970.3106973,-13.72
1699045970.3180056,-13.25
1699045970.3247669,-12.85
1699045970.3327417,-12.52
1699045970.3403356,-12.13
1699045970.3479033,-11.88
1699045970.3554943,-11.7
1699045970.3622751,-11.56
1699045970.3700674,-11.52
1699045970.3780081,-11.51
1699045970.386128,-11.56
1699045970.3943486,-11.6
1699045970.4005582,-11.85
1699045970.4070842,-12.28
1699045970.4141974,-12.76
1699045970.4215486,-13.31
1699045970.42913,-13.95
1699045970.4353013,-14.69
1699045970.4422605,-15.49
1699045970.4496093,-16.32
1699045970.45638,-17.19
1699045970.46302,-18.09
1699045970.4692404,-19.02
1699045970.4754303,-19.94
1699045970.4818387,-20.88
1699045970.4901273,-21.86
1699045970.500815,-23.01
1699045970.5079508,-23.51
1699045970.5154512,-23.89
1699045970.5232062,-23.84
1699045970.5293252,-23.33
1699045970.5367477,-22.52
1699045970.5438812,-21.73
1699045970.551213,-21.17
1699045970.558248,-21.26
1699045970.5647254,-21.74
1699045970.5713086,-22.37
1699045970.578476,-23.0
1699045970.585499,-23.5
1699045970.5931153,-23.84
1699045970.6004293,-24.06
1699045970.6074514,-24.24
1699045970.6144483,-24.35
1699045970.6208384,-24.47
1699045970.627101,-24.52
1699045970.6342113,-24.54
1699045970.6412106,-24.47
1699045970.6497104,-24.33
1699045970.6565683,-24.17
1699045970.6645756,-24.03
1699045970.671867,-23.98
1699045970.6788938,-23.92
1699045970.6858423,-23.82
1699045970.6923118,-23.74
1699045970.6982844,-23.67
1699045970.7045112,-23.64
1699045970.7107933,-23.63
1699045970.7170842,-23.57
1699045970.7245278,-23.42
1699045970.7321844,-23.17
1699045970.7393115,-22.83
1699045970.7465198,-22.48
1699045970.7529356,-22.14
1699045970.7591257,-21.85
1699045970.7659652,-21.6
1699045970.7720008,-21.37
1699045970.7783754,-21.15
1699045970.7846847,-20.93
1699045970.791192,-20.71
1699045970.797673,-20.52
1699045970.8043976,-20.41
1699045970.8107204,-20.28
1699045970.8178625,-20.16
1699045970.824169,-20.05
1699045970.8325179,-19.97
1699045970.8405392,-19.86
1699045970.8477054,-19.66
1699045970.854047,-19.5
1699045970.8602777,-19.49
1699045970.8672473,-19.63
1699045970.874193,-19.89
1699045970.8823876,-20.27
1699045970.888977,-20.68
1699045970.8958218,-20.97
1699045970.9031408,-21.22
1699045970.9106522,-21.38
1699045970.9166758,-21.59
1699045970.9229987,-21.8
1699045970.929316,-21.98
1699045970.9361627,-22.05
1699045970.94301,-22.07
1699045970.956831,-22.06
1699045970.962928,-22.18
1699045970.9714527,-22.27
1699045970.9787056,-22.36
1699045970.9862697,-22.43
1699045970.9931679,-22.45
1699045971.0001361,-22.46
1699045971.0070512,-22.45
1699045971.0131228,-22.41
1699045971.0192251,-22.38
1699045971.0258603,-22.33
1699045971.0321646,-22.3
1699045971.0386548,-22.28
1699045971.0452404,-22.21
1699045971.0532932,-22.12
1699045971.0603468,-22.02
1699045971.0670917,-21.95
1699045971.0734732,-21.89
1699045971.0798068,-21.85
1699045971.0870075,-21.8
1699045971.0937972,-21.73
1699045971.1011229,-21.68
1699045971.1074615,-21.61
1699045971.1138544,-21.51
1699045971.1202826,-21.4
1699045971.1268673,-21.28
1699045971.1331685,-21.16
1699045971.1400044,-21.06
1699045971.146664,-20.95
1699045971.1536062,-20.84
1699045971.1600235,-20.75
1699045971.1664155,-20.67
1699045971.1729722,-20.57
1699045971.1796055,-20.5
1699045971.1865985,-20.41
1699045971.1933665,-20.33
1699045971.1997464,-20.28
1699045971.2061026,-20.21
1699045971.2129986,-20.14
1699045971.2197762,-20.07
1699045971.2263315,-20.03
1699045971.232939,-20.01
1699045971.2398746,-19.99
1699045971.2462103,-19.97
1699045971.252702,-19.95
1699045971.2592196,-19.93
1699045971.2654748,-19.92
1699045971.272392,-19.93
1699045971.279201,-19.92
1699045971.2869015,-19.89
1699045971.2937548,-19.9
1699045971.3009212,-19.92
1699045971.3072047,-19.9
1699045971.3135579,-19.89
1699045971.3204496,-19.89
1699045971.3267624,-19.92
1699045971.3337352,-19.95
1699045971.3406777,-19.98
1699045971.3484993,-20.02
1699045971.3548498,-20.09
1699045971.3610435,-20.13
1699045971.3680315,-20.18
1699045971.375385,-20.23
1699045971.3816466,-20.28
1699045971.3879454,-20.34
1699045971.3944654,-20.42
1699045971.4015732,-20.46
1699045971.4083865,-20.53
1699045971.4147074,-20.62
1699045971.4208887,-20.78
1699045971.427565,-20.95
1699045971.433626,-20.92
1699045971.4405103,-20.96
1699045971.447355,-21.05
1699045971.454088,-21.19
1699045971.460512,-21.26
1699045971.467604,-21.38
1699045971.4740381,-21.57
1699045971.481055,-21.76
1699045971.4874578,-22.04
1699045971.4958205,-22.38
1699045971.5030007,-22.88
1699045971.5090468,-23.35
1699045971.5151594,-23.78
1699045971.5214684,-24.18
1699045971.5281277,-24.68
1699045971.5344005,-25.19
1699045971.5407445,-25.76
1699045971.5494478,-26.27
1699045971.5562644,-27.25
1699045971.562767,-27.9
1699045971.5689132,-28.56
1699045971.5757961,-29.23
1699045971.5822334,-29.99
1699045971.5890307,-30.78
1699045971.595576,-31.61
1699045971.6018357,-32.3
1699045971.6081605,-33.11
1699045971.6154344,-34.08
1699045971.6213949,-34.85
1699045971.627608,-35.68
1699045971.6338327,-36.55
1699045971.6402524,-37.39
1699045971.6468682,-38.33
1699045971.6529062,-39.25
1699045971.6591485,-40.04
1699045971.6664803,-41.01
1699045971.6733925,-42.03
1699045971.6815386,-43.1
1699045971.6899395,-44.37
1699045971.696678,-45.7
1699045971.704148,-46.65
1699045971.7112644,-47.94
1699045971.7204473,-49.32
1699045971.7283123,-51.13
1699045971.737114,-52.81
1699045971.743733,-54.6
1699045971.7514853,-56.06
1699045971.7576997,-57.73
1699045971.7641003,-59.11
1699045971.7710154,-60.63
1699045971.77758,-62.33
1699045971.783825,-63.88
1699045971.7904835,-65.33
1699045971.7967682,-66.71
1699045971.8034804,-67.94
1699045971.8100092,-69.11
1699045971.8162637,-70.09
1699045971.822637,-71.01
1699045971.8288543,-71.92
1699045971.8351545,-72.67
1699045971.8411417,-73.48
1699045971.8476124,-74.15
1699045971.8549504,-74.7
1699045971.863238,-75.17
1699045971.8704374,-75.54
1699045971.8768704,-75.43
1699045971.8832154,-74.87
1699045971.8898656,-74.45
1699045971.8983607,-73.66
1699045971.9052913,-72.69
1699045971.9121947,-71.45
1699045971.9203403,-70.47
1699045971.9264622,-69.09
1699045971.9327207,-67.82
1699045971.9395761,-66.58
1699045971.947653,-65.14
1699045971.9557118,-63.31
1699045971.9630601,-61.46
1699045971.9694133,-59.64
1699045971.9767833,-57.92
1699045971.9846203,-55.89
1699045971.9912345,-53.84
1699045971.9993854,-51.9
1699045972.005357,-49.87
1699045972.0116317,-48.13
1699045972.0181923,-46.35
1699045972.024535,-44.66
1699045972.0309289,-43.0
1699045972.0375087,-41.33
1699045972.0438457,-39.63
1699045972.0509593,-37.91
1699045972.0572243,-36.28
1699045972.0634263,-34.81
1699045972.0696297,-33.39
1699045972.0758655,-32.02
1699045972.0818439,-30.74
1699045972.0881848,-29.49
1699045972.0952458,-28.19
1699045972.1017506,-26.84
1699045972.1085176,-25.72
1699045972.118747,-24.44
1699045972.1248841,-22.64
1699045972.1311276,-21.8
1699045972.1375155,-20.98
1699045972.1437278,-20.19
1699045972.151042,-19.3
1699045972.158482,-18.39
1699045972.1694143,-16.77
1699045972.1758957,-16.17
1699045972.1824296,-15.59
1699045972.1888568,-15.13
1699045972.195685,-14.69
1699045972.20197,-14.3
1699045972.208073,-13.94
1699045972.214183,-13.65
1699045972.2203953,-13.4
1699045972.2299442,-12.8
1699045972.2380614,-12.5
1699045972.2460625,-12.08
1699045972.2546675,-11.79
1699045972.2616591,-11.61
1699045972.267902,-11.63
1699045972.2743325,-11.75
1699045972.2830997,-11.85
1699045972.2911022,-11.87
1699045972.2987533,-12.04
1699045972.3054333,-12.46
1699045972.3120759,-12.98
1699045972.3184555,-13.57
1699045972.3259969,-14.22
1699045972.3331227,-14.82
1699045972.3400557,-15.44
1699045972.347759,-16.08
1699045972.3542988,-16.79
1699045972.3605912,-17.6
1699045972.367477,-18.44
1699045972.3747892,-19.34
1699045972.3818583,-20.3
1699045972.3889632,-21.35
1699045972.3951724,-22.44
1699045972.4012551,-23.54
1699045972.408011,-24.65
1699045972.4148495,-25.43
1699045972.421119,-25.92
1699045972.4282248,-25.92
1699045972.4353476,-25.38
1699045972.4418244,-24.36
1699045972.448065,-23.11
1699045972.4558935,-22.02
1699045972.4629867,-22.08
1699045972.4704015,-23.29
1699045972.4769166,-24.81
1699045972.4835634,-25.77
1699045972.4897351,-26.58
1699045972.4967694,-27.27
1699045972.5036254,-27.92
1699045972.510161,-28.41
1699045972.5167296,-29.1
1699045972.5231695,-29.74
1699045972.5301251,-30.23
1699045972.5369356,-30.54
1699045972.5432246,-30.69
1699045972.550385,-30.76
1699045972.557886,-30.82
1699045972.564185,-30.92
1699045972.5704904,-30.94
1699045972.5768034,-31.12
1699045972.583982,-31.16
1699045972.5910783,-31.25
1699045972.5978367,-31.21
1699045972.6042898,-31.1
1699045972.6110768,-30.97
1699045972.6174057,-30.86
1699045972.6237464,-30.67
1699045972.630393,-30.45
1699045972.6373117,-30.21
1699045972.6442494,-29.99
1699045972.6509297,-29.78
1699045972.6573017,-29.6
1699045972.6635528,-29.39
1699045972.6697502,-29.18
1699045972.6759744,-28.95
1699045972.6828735,-28.73
1699045972.6896448,-28.52
1699045972.696503,-28.29
1699045972.703242,-28.07
1699045972.7094045,-27.87
1699045972.7162244,-27.67
1699045972.7229111,-27.45
1699045972.729933,-27.24
1699045972.7363086,-27.03
1699045972.7429426,-26.83
1699045972.749241,-26.65
1699045972.7566836,-26.49
1699045972.7634914,-26.33
1699045972.7716503,-26.16
1699045972.7784636,-25.98
1699045972.785183,-25.81
1699045972.7921152,-25.62
1699045972.7984173,-25.44
1699045972.805296,-25.27
1699045972.8116853,-25.1
1699045972.818171,-24.95
1699045972.8244517,-24.81
1699045972.83124,-24.66
1699045972.838011,-24.53
1699045972.8442872,-24.41
1699045972.8506653,-24.31
1699045972.8575335,-24.22
1699045972.8640826,-24.13
1699045972.870159,-24.04
1699045972.876812,-23.95
1699045972.8834736,-23.86
1699045972.8897839,-23.78
1699045972.8966491,-23.73
1699045972.9035234,-23.67
1699045972.9097943,-23.62
1699045972.9169497,-23.56
1699045972.9246073,-23.52
1699045972.9312446,-23.47
1699045972.9383867,-23.43
1699045972.9459314,-23.41
1699045972.9521482,-23.37
1699045972.9591005,-23.35
1699045972.9665022,-23.32
1699045972.974432,-23.3
1699045972.980627,-23.25
1699045972.9878576,-23.2
1699045972.994978,-23.16
1699045973.0019486,-23.11
1699045973.0089765,-23.06
1699045973.0164616,-23.02
1699045973.023665,-22.97
1699045973.0313888,-22.92
1699045973.039194,-22.86
1699045973.0465784,-22.82
1699045973.054107,-22.79
1699045973.0614736,-22.77
1699045973.069079,-22.74
1699045973.076305,-22.71
1699045973.0842683,-22.69
1699045973.0911782,-22.67
1699045973.0983288,-22.66
1699045973.1053588,-22.64
1699045973.1135185,-22.63
1699045973.1203156,-22.64
1699045973.1273417,-22.65
1699045973.1344237,-22.53
1699045973.140722,-22.54
1699045973.1472788,-22.55
1699045973.153909,-22.54
1699045973.16098,-22.55
1699045973.16734,-22.59
1699045973.1742547,-22.61
1699045973.1817102,-22.66
1699045973.1883478,-22.74
1699045973.19515,-22.84
1699045973.2019928,-23.0
1699045973.2080083,-22.92
1699045973.214292,-22.97
1699045973.2209167,-23.14
1699045973.227298,-23.14
1699045973.2338748,-23.23
1699045973.2402337,-23.33
1699045973.2472618,-23.43
1699045973.253367,-23.54
1699045973.2593224,-23.63
1699045973.2655256,-23.74
1699045973.272145,-23.9
1699045973.2786934,-24.13
1699045973.2849054,-24.39
1699045973.291706,-24.69
1699045973.2984433,-25.12
1699045973.3057706,-25.69
1699045973.3118122,-26.24
1699045973.318011,-26.76
1699045973.3242903,-27.27
1699045973.3310251,-27.9
1699045973.3379629,-28.61
1699045973.3445585,-29.27
1699045973.350875,-30.04
1699045973.3569355,-30.75
1699045973.3637445,-31.43
1699045973.3721335,-32.45
1699045973.3791645,-33.29
1699045973.3861036,-34.05
1699045973.3933246,-35.0
1699045973.4008453,-35.93
1699045973.4085824,-37.04
1699045973.4157004,-38.17
1699045973.422992,-39.19
1699045973.429853,-40.24
1699045973.437672,-41.29
1699045973.4456558,-42.61
1699045973.4527137,-43.99
1699045973.4600468,-45.2
1699045973.4681273,-46.52
1699045973.4760516,-48.05
1699045973.483332,-49.69
1699045973.4917946,-51.1
1699045973.4989407,-52.75
1699045973.5059865,-54.07
1699045973.5126092,-55.57
1699045973.5186276,-56.89
1699045973.5255744,-58.25
1699045973.5336661,-60.15
1699045973.5405715,-61.92
1699045973.5466828,-63.61
1699045973.553425,-65.19
1699045973.5596855,-66.76
1699045973.5661652,-68.02
1699045973.5733175,-69.29
1699045973.5803084,-70.53
1699045973.5883296,-71.83
1699045973.5945907,-72.53
1699045973.6008809,-73.16
1699045973.6074731,-73.56
1699045973.614111,-73.65
1699045973.6210673,-73.5
1699045973.6283536,-73.04
1699045973.634754,-72.13
1699045973.6421282,-71.45
1699045973.6487424,-70.36
1699045973.6550298,-69.18
1699045973.6620982,-67.94
1699045973.6691253,-66.42
1699045973.6756096,-64.97
1699045973.6816661,-63.51
1699045973.6897538,-61.85
1699045973.6971478,-60.02
1699045973.7047853,-58.22
1699045973.712121,-56.27
1699045973.7192585,-54.25
1699045973.726636,-52.12
1699045973.7343583,-49.9
1699045973.7417521,-47.49
1699045973.7488847,-45.23
1699045973.7567096,-43.13
1699045973.764635,-40.94
1699045973.7720046,-38.9
1699045973.7798448,-36.97
1699045973.7862906,-34.99
1699045973.7929478,-33.43
1699045973.8007603,-31.52
1699045973.8083088,-29.95
1699045973.8156645,-28.25
1699045973.8237183,-26.68
1699045973.8297932,-24.96
1699045973.836057,-23.76
1699045973.8422894,-22.55
1699045973.8485012,-21.44
1699045973.854723,-20.36
1699045973.8619204,-19.24
1699045973.8710976,-17.83
1699045973.8771923,-16.26
1699045973.8836577,-15.24
1699045973.8910413,-14.17
1699045973.8981452,-13.06
1699045973.9052606,-12.08
1699045973.9116359,-11.22
1699045973.9178834,-10.61
1699045973.9245462,-10.01
1699045973.9315093,-9.56
1699045973.938473,-9.0
1699045973.9454582,-8.57
1699045973.9518673,-8.22
1699045973.9578998,-8.06
1699045973.9647846,-7.94
1699045973.9720438,-7.78
1699045973.9784627,-7.64
1699045973.9851923,-7.68
1699045973.991822,-7.67
1699045973.9991615,-7.74
1699045974.0062282,-7.79
1699045974.0123878,-7.97
1699045974.020303,-8.2
1699045974.0262911,-8.6
1699045974.032616,-9.2
1699045974.0389814,-9.89
1699045974.045825,-10.65
1699045974.053677,-11.53
1699045974.0629542,-12.49
1699045974.0693579,-13.66
1699045974.0758533,-14.94
1699045974.0841503,-16.27
1699045974.090355,-17.7
1699045974.0964854,-19.14
1699045974.1028206,-20.6
1699045974.109257,-22.01
1699045974.115509,-23.25
1699045974.121811,-24.42
1699045974.1285527,-25.27
1699045974.1355255,-25.57
1699045974.142742,-25.04
1699045974.1514523,-24.28
1699045974.1578417,-23.16
1699045974.164027,-23.59
1699045974.171446,-25.26
1699045974.1774921,-27.18
1699045974.183456,-28.77
1699045974.1908128,-29.96
1699045974.1976454,-31.03
1699045974.2040284,-31.84
1699045974.2100081,-32.34
1699045974.2162476,-32.49
1699045974.2224622,-32.77
1699045974.229355,-33.09
1699045974.2364666,-33.42
1699045974.243849,-33.55
1699045974.2508326,-33.66
1699045974.257113,-33.59
1699045974.2637794,-33.49
1699045974.2715213,-33.42
1699045974.2781854,-33.18
1699045974.2848322,-32.91
1699045974.2911537,-32.65
1699045974.2983704,-32.34
1699045974.3050044,-32.02
1699045974.3118594,-31.68
1699045974.3187976,-31.36
1699045974.325646,-31.05
1699045974.3326507,-30.75
1699045974.3388772,-30.47
1699045974.345175,-30.15
1699045974.3514824,-29.86
1699045974.3581295,-29.55
1699045974.367259,-29.3
1699045974.3747861,-29.03
1699045974.382012,-28.75
1699045974.388399,-28.5
1699045974.3950336,-28.26
1699045974.4012442,-27.98
1699045974.4080064,-27.73
1699045974.4146912,-27.48
1699045974.4211953,-27.26
1699045974.4281096,-27.02
1699045974.4361746,-26.81
1699045974.4428203,-26.6
1699045974.449653,-26.42
1699045974.4563413,-26.26
1699045974.4633484,-26.12
1699045974.4697528,-26.01
1699045974.4758618,-25.86
1699045974.4821148,-25.7
1699045974.488802,-25.54
1699045974.4955258,-25.41
1699045974.5018249,-25.28
1699045974.5090458,-25.16
1699045974.5153341,-25.03
1699045974.5217068,-24.91
1699045974.5280192,-24.76
1699045974.5349286,-24.66
1699045974.541419,-24.59
1699045974.5487263,-24.52
1699045974.555157,-24.4
1699045974.5614939,-24.33
1699045974.5681877,-24.27
1699045974.5744872,-24.21
1699045974.5822268,-24.14
1699045974.5896046,-24.08
1699045974.5965245,-24.04
1699045974.6044815,-24.02
1699045974.6119742,-23.99
1699045974.6207652,-23.97
1699045974.6293867,-23.93
1699045974.6355855,-23.89
1699045974.6417809,-23.84
1699045974.6481335,-23.81
1699045974.6543844,-23.78
1699045974.6608052,-23.75
1699045974.6670442,-23.62
1699045974.6756418,-23.61
1699045974.6824112,-23.59
1699045974.6886823,-23.55
1699045974.695514,-23.49
1699045974.7022038,-23.47
1699045974.7090569,-23.48
1699045974.715849,-23.44
1699045974.722171,-23.42
1699045974.7292933,-23.42
1699045974.735934,-23.4
1699045974.744267,-23.41
1699045974.7515037,-23.45
1699045974.7589722,-23.48
1699045974.766114,-23.54
1699045974.7724028,-23.62
1699045974.778733,-23.62
1699045974.7857726,-23.68
1699045974.7927833,-23.8
1699045974.7991335,-23.9
1699045974.8052905,-24.0
1699045974.811851,-24.11
1699045974.817985,-24.28
1699045974.8244448,-24.46
1699045974.8314455,-24.61
1699045974.838339,-24.85
1699045974.844768,-25.08
1699045974.850931,-25.25
1699045974.8571641,-25.52
1699045974.863914,-25.75
1699045974.870005,-26.01
1699045974.876259,-26.24
1699045974.8828468,-26.51
1699045974.8890927,-26.79
1699045974.8957345,-27.1
1699045974.9018588,-27.39
1699045974.9081655,-27.67
1699045974.9146833,-28.02
1699045974.9213328,-28.4
1699045974.9276502,-28.81
1699045974.9342844,-29.24
1699045974.9427872,-29.68
1699045974.950048,-30.28
1699045974.9579425,-30.82
1699045974.9650335,-31.54
1699045974.9733896,-32.17
1699045974.9816413,-32.97
1699045974.9889324,-33.82
1699045974.9962292,-34.67
1699045975.0029995,-35.49
1699045975.010846,-36.43
1699045975.0179505,-37.45
1699045975.025994,-38.48
1699045975.033746,-39.81
1699045975.0424635,-41.01
1699045975.0495596,-42.68
1699045975.055768,-43.75
1699045975.0632463,-44.87
1699045975.0719912,-46.35
1699045975.0796137,-48.24
1699045975.0871234,-49.78
1699045975.0946665,-51.35
1699045975.1013951,-52.74
1699045975.1090713,-54.01
1699045975.1161807,-55.55
1699045975.1237972,-57.03
1699045975.131148,-58.67
1699045975.1391058,-60.39
1699045975.1459095,-62.35
1699045975.1535177,-64.08
1699045975.1613548,-66.07
1699045975.16926,-67.94
1699045975.1768703,-69.92
1699045975.1847346,-71.78
1699045975.1917007,-73.55
1699045975.1991515,-74.96
1699045975.2067099,-76.26
1699045975.2137268,-77.36
1699045975.221401,-78.1
1699045975.2290983,-78.58
1699045975.2371335,-78.72
1699045975.244116,-78.55
1699045975.2511716,-77.97
1699045975.2589757,-77.11
1699045975.2671828,-75.97
1699045975.275002,-74.5
1699045975.2830086,-73.03
1699045975.2897716,-71.54
1699045975.2976143,-69.95
1699045975.3049803,-68.24
1699045975.3123975,-66.61
1699045975.3200452,-64.94
1699045975.3270955,-63.38
1699045975.3353703,-61.41
1699045975.3426275,-59.35
1699045975.349599,-57.41
1699045975.3583262,-55.3
1699045975.3658748,-52.94
1699045975.3735332,-50.75
1699045975.3805974,-48.59
1699045975.388507,-46.7
1699045975.3960638,-44.51
1699045975.4028692,-42.62
1699045975.4103396,-40.92
1699045975.4178724,-39.13
1699045975.4253728,-37.36
1699045975.433877,-35.59
1699045975.4412763,-33.67
1699045975.4490566,-32.01
1699045975.4567704,-30.36
1699045975.464445,-28.81
1699045975.472056,-27.21
1699045975.479081,-25.65
1699045975.4865172,-24.27
1699045975.493911,-22.78
1699045975.500906,-21.42
1699045975.5084975,-20.16
1699045975.5155723,-18.79
1699045975.5235045,-17.55
1699045975.5302608,-16.23
1699045975.537885,-14.9
1699045975.544994,-14.12
1699045975.5522463,-13.15
1699045975.5595849,-12.48
1699045975.5662873,-11.87
1699045975.5724206,-11.46
1699045975.5786526,-11.23
1699045975.5854993,-10.96
1699045975.591688,-10.74
1699045975.5983975,-10.66
1699045975.6050959,-10.49
1699045975.6148195,-10.4
1699045975.622186,-9.94
1699045975.6294897,-9.9
1699045975.6378207,-9.95
1699045975.64524,-9.94
1699045975.6529508,-10.22
1699045975.6595182,-10.63
1699045975.6664054,-11.25
1699045975.672691,-11.93
1699045975.6794243,-12.7
1699045975.686052,-13.55
1699045975.6928422,-14.5
1699045975.699279,-15.58
1699045975.7060127,-16.83
1699045975.712869,-18.2
1699045975.7197182,-19.83
1699045975.7263198,-21.78
1699045975.7333686,-23.84
1699045975.7396781,-24.56
1699045975.7483253,-25.87
1699045975.7548406,-26.34
1699045975.761039,-26.25
1699045975.7673783,-26.86
1699045975.7735732,-27.44
1699045975.7798502,-27.79
1699045975.7859359,-28.02
1699045975.7922022,-28.22
1699045975.7990382,-28.49
1699045975.805203,-28.62
1699045975.8122435,-28.72
1699045975.8184388,-28.85
1699045975.8260283,-28.9
1699045975.8328674,-28.97
1699045975.8397362,-29.0
1699045975.8464592,-28.99
1699045975.8526561,-28.9
1699045975.8599722,-28.77
1699045975.8683681,-28.74
1699045975.8744848,-28.62
1699045975.8807356,-28.55
1699045975.8870096,-28.45
1699045975.8932164,-28.34
1699045975.899704,-28.2
1699045975.906073,-28.03
1699045975.9124653,-27.8
1699045975.9197025,-27.59
1699045975.9260309,-27.37
1699045975.9331796,-27.14
1699045975.9398482,-26.93
1699045975.9460983,-26.75
1699045975.9521277,-26.56
1699045975.958599,-26.34
1699045975.965385,-26.12
1699045975.9716575,-25.91
1699045975.978231,-25.71
1699045975.9852874,-25.48
1699045975.9964683,-25.22
1699045976.0029209,-24.98
1699045976.0097733,-24.75
1699045976.0163658,-24.52
1699045976.0224607,-24.3
1699045976.0287402,-24.09
1699045976.035128,-23.91
1699045976.041375,-23.76
1699045976.0488775,-23.61
1699045976.0560853,-23.47
1699045976.062208,-23.34
1699045976.0684516,-23.23
1699045976.0750492,-23.11
1699045976.0814018,-22.99
1699045976.088113,-22.89
1699045976.094502,-22.77
1699045976.101288,-22.64
1699045976.1076076,-22.54
1699045976.1145906,-22.45
1699045976.1219246,-22.36
1699045976.1294763,-22.24
1699045976.1370008,-22.17
1699045976.1444576,-22.11
1699045976.151648,-22.06
1699045976.1590183,-22.02
1699045976.166972,-21.94
1699045976.174776,-21.86
1699045976.1821299,-21.8
1699045976.1901107,-21.75
1699045976.1971304,-21.68
1699045976.2050507,-21.65
1699045976.2121918,-21.62
1699045976.2196684,-21.55
1699045976.2269504,-21.51
1699045976.235067,-21.47
1699045976.2422342,-21.44
1699045976.249496,-21.42
1699045976.256456,-21.36
1699045976.263905,-21.32
1699045976.2721126,-21.29
1699045976.2797165,-21.34
1699045976.2865689,-21.29
1699045976.2937176,-21.28
1699045976.3009026,-21.29
1699045976.3093207,-21.32
1699045976.3169606,-21.35
1699045976.3257513,-21.39
1699045976.3328145,-21.44
1699045976.340702,-21.46
1699045976.347828,-21.52
1699045976.3557343,-21.57
1699045976.3630486,-21.65
1699045976.3695815,-21.75
1699045976.3766248,-21.86
1699045976.383119,-22.06
1699045976.3893027,-22.1
1699045976.3959405,-22.09
1699045976.403692,-22.25
1699045976.4108548,-22.37
1699045976.418025,-22.5
1699045976.4244626,-22.66
1699045976.4336092,-22.8
1699045976.4412856,-23.14
1699045976.4488103,-23.4
1699045976.4566128,-23.67
1699045976.4636712,-24.01
1699045976.4710565,-24.3
1699045976.4782012,-24.6
1699045976.4852557,-24.9
1699045976.4929047,-25.22
1699045976.4998336,-25.59
1699045976.5072086,-25.99
1699045976.514592,-26.41
1699045976.5219612,-26.88
1699045976.5302746,-27.38
1699045976.5375211,-28.05
1699045976.5445404,-28.6
1699045976.5518901,-29.18
1699045976.5590448,-29.9
1699045976.5670888,-30.7
1699045976.5752,-31.66
1699045976.582155,-32.7
1699045976.5897923,-33.56
1699045976.5975387,-34.53
1699045976.6056113,-35.92
1699045976.6130915,-37.37
1699045976.6208324,-38.7
1699045976.6288435,-40.37
1699045976.6362631,-41.93
1699045976.6441078,-43.5
1699045976.6525588,-44.97
1699045976.6600583,-46.77
1699045976.6673467,-48.28
1699045976.6749346,-49.7
1699045976.6820557,-51.23
1699045976.6893835,-52.91
1699045976.6969202,-54.64
1699045976.7045207,-56.59
1699045976.7110736,-58.56
1699045976.7179773,-60.37
1699045976.724232,-61.95
1699045976.7303498,-63.52
1699045976.7366028,-64.85
1699045976.7434723,-66.15
1699045976.7510388,-67.27
1699045976.7574198,-68.37
1699045976.7634642,-69.11
1699045976.7698953,-69.69
1699045976.7761426,-70.2
1699045976.7825856,-70.39
1699045976.7892225,-70.68
1699045976.7973323,-70.64
1699045976.803823,-69.61
1699045976.8106956,-69.11
1699045976.818052,-68.34
1699045976.8259878,-67.42
1699045976.833687,-66.4
1699045976.8402853,-65.41
1699045976.84664,-63.96
1699045976.853042,-62.71
1699045976.8595471,-61.69
1699045976.8670897,-60.16
1699045976.8749323,-58.74
1699045976.8812113,-57.32
1699045976.8875754,-55.96
1699045976.895,-54.49
1699045976.9019794,-52.82
1699045976.9091523,-51.14
1699045976.9162874,-49.35
1699045976.9223814,-47.56
1699045976.9286962,-45.94
1699045976.9352672,-44.12
1699045976.9443715,-42.26
1699045976.95275,-40.06
1699045976.9590092,-38.23
1699045976.9654617,-36.79
1699045976.972233,-35.26
1699045976.9788053,-33.76
1699045976.985164,-32.46
1699045976.9914536,-31.18
1699045976.9979556,-29.89
1699045977.004125,-28.61
1699045977.0103621,-27.43
1699045977.0169597,-26.23
1699045977.0233824,-24.95
1699045977.0301154,-23.7
1699045977.0363822,-22.54
1699045977.0427663,-21.42
1699045977.0489254,-20.32
1699045977.0561218,-19.27
1699045977.0624473,-18.01
1699045977.0708857,-16.92
1699045977.0773664,-15.56
1699045977.083668,-14.77
1699045977.0898578,-14.02
1699045977.099223,-13.24
1699045977.1077094,-12.04
1699045977.1153638,-11.01
1699045977.122521,-10.29
1699045977.1292365,-9.79
1699045977.1364853,-9.36
1699045977.1436043,-8.91
1699045977.151165,-8.52
1699045977.1588697,-8.11
1699045977.1666408,-7.73
1699045977.1740568,-7.38
1699045977.181343,-7.22
1699045977.1883793,-7.15
1699045977.1963644,-7.19
1699045977.2046666,-7.15
1699045977.2124195,-7.22
1699045977.219639,-7.48
1699045977.2270768,-7.93
1699045977.2349546,-8.28
1699045977.2412617,-8.97
1699045977.2475753,-9.73
1699045977.2542098,-10.59
1699045977.2605696,-11.51
1699045977.2669196,-12.54
1699045977.2732825,-13.64
1699045977.279563,-14.78
1699045977.2862527,-16.0
1699045977.2923286,-17.29
1699045977.2989993,-18.62
1699045977.3059313,-20.02
1699045977.3122373,-21.46
1699045977.3192048,-22.85
1699045977.3256066,-24.1
1699045977.3327808,-25.2
1699045977.3403492,-25.76
1699045977.348167,-25.76
1699045977.3562195,-25.15
1699045977.363794,-24.25
1699045977.372054,-24.24
1699045977.3794148,-26.16
1699045977.3876812,-28.3
1699045977.3953886,-30.04
1699045977.4029763,-31.23
1699045977.409905,-32.08
1699045977.416833,-32.53
1699045977.424667,-32.98
1699045977.4316766,-33.46
1699045977.438831,-34.08
1699045977.44632,-34.68
1699045977.4537024,-35.02
1699045977.4612844,-35.08
1699045977.4683301,-35.07
1699045977.4765496,-35.04
1699045977.4833193,-35.05
1699045977.491248,-34.92
1699045977.4975662,-34.75
1699045977.5040164,-34.5
1699045977.5102625,-34.19
1699045977.5167515,-33.87
1699045977.526147,-33.59
1699045977.5326734,-33.32
1699045977.5390372,-33.07
1699045977.5458825,-32.82
1699045977.552436,-32.52
1699045977.5587811,-32.22
1699045977.5652142,-31.9
1699045977.571389,-31.66
1699045977.5774832,-31.46
1699045977.5837576,-31.23
1699045977.5906298,-30.98
1699045977.597246,-30.73
1699045977.603852,-30.48
1699045977.610397,-30.22
1699045977.6170382,-29.97
1699045977.6231139,-29.75
1699045977.6293643,-29.54
1699045977.6358993,-29.31
1699045977.6420736,-29.11
1699045977.6486113,-28.88
1699045977.6548324,-28.68
1699045977.6616457,-28.53
1699045977.6686106,-28.39
1699045977.6760774,-28.24
1699045977.6835804,-28.11
1699045977.6911998,-27.94
1699045977.6980686,-27.79
1699045977.7058141,-27.65
1699045977.713727,-27.53
1699045977.721049,-27.43
1699045977.7283206,-27.31
1699045977.7362738,-27.2
1699045977.7439418,-27.12
1699045977.7515326,-27.05
1699045977.758272,-27.0
1699045977.7647545,-26.95
1699045977.771448,-26.91
1699045977.7775075,-26.87
1699045977.7838745,-26.83
1699045977.7900293,-26.78
1699045977.7968962,-26.75
1699045977.8037536,-26.71
1699045977.8101342,-26.65
1699045977.8166323,-26.61
1699045977.8227026,-26.58
1699045977.8288548,-26.54
1699045977.8356555,-26.48
1699045977.8419583,-26.44
1699045977.8500671,-26.39
1699045977.857347,-26.35
1699045977.8650672,-26.32
1699045977.874028,-26.27
1699045977.881569,-26.24
1699045977.8888195,-26.19
1699045977.896426,-26.15
1699045977.9032798,-26.12
1699045977.9100842,-26.05
1699045977.917192,-25.96
1699045977.9244213,-25.89
1699045977.9315565,-25.82
1699045977.9387746,-25.8
1699045977.947046,-25.77
1699045977.9546506,-25.77
1699045977.9623618,-25.78
1699045977.9694617,-25.81
1699045977.9770586,-25.84
1699045977.9849784,-25.88
1699045977.992559,-25.91
1699045977.999909,-25.96
1699045978.00721,-25.97
1699045978.013882,-26.03
1699045978.0212111,-26.1
1699045978.0289702,-26.16
1699045978.036906,-26.23
1699045978.0451455,-26.3
1699045978.0523577,-26.4
1699045978.0593169,-26.5
1699045978.066809,-26.58
1699045978.07323,-26.73
1699045978.0795858,-26.86
1699045978.086344,-26.98
1699045978.0924516,-27.1
1699045978.09891,-27.22
1699045978.105211,-27.34
1699045978.1116743,-27.48
1699045978.118176,-27.62
1699045978.1245139,-27.82
1699045978.1309693,-27.97
1699045978.1375444,-28.21
1699045978.144571,-28.42
1699045978.151384,-28.68
1699045978.1586244,-28.95
1699045978.1663156,-29.25
1699045978.173211,-29.63
1699045978.180928,-29.95
1699045978.187311,-30.39
1699045978.1936493,-30.84
1699045978.2015986,-31.47
1699045978.2080548,-31.96
1699045978.2143948,-32.41
1699045978.2225974,-33.02
1699045978.2287202,-33.96
1699045978.2360659,-34.76
1699045978.243328,-35.74
1699045978.2510638,-36.75
1699045978.2593124,-37.91
1699045978.2668724,-39.16
1699045978.2744617,-40.35
1699045978.2816093,-41.84
1699045978.2891202,-43.12
1699045978.2968895,-44.68
1699045978.303957,-46.12
1699045978.311647,-47.64
1699045978.3205023,-49.11
1699045978.3277118,-51.06
1699045978.3349311,-52.46
1699045978.3418896,-53.92
1699045978.3509605,-55.46
1699045978.3586164,-57.59
1699045978.3672416,-59.41
1699045978.3743508,-61.57
1699045978.3819823,-63.46
1699045978.3896499,-65.39
1699045978.3974917,-67.32
1699045978.4046683,-69.08
1699045978.4125915,-70.54
1699045978.4210496,-71.85
1699045978.4287043,-72.98
1699045978.436313,-73.55
1699045978.4437957,-73.97
1699045978.4521208,-74.22
1699045978.459865,-74.33
1699045978.467513,-73.86
1699045978.474368,-73.27
1699045978.4813523,-72.69
1699045978.488795,-72.0
1699045978.4966402,-71.33
1699045978.5042708,-70.55
1699045978.512414,-69.67
1699045978.5192578,-68.55
1699045978.5264575,-67.46
1699045978.534085,-66.36
1699045978.5421937,-64.98
1699045978.5497236,-63.33
1699045978.557971,-61.56
1699045978.5646567,-59.96
1699045978.571833,-58.21
1699045978.5780616,-56.38
1699045978.5842,-54.64
1699045978.5907645,-52.91
1699045978.597358,-51.02
1699045978.603829,-49.1
1699045978.6103673,-47.23
1699045978.6167223,-45.41
1699045978.62383,-43.79
1699045978.6302564,-41.95
1699045978.6370173,-40.32
1699045978.6434653,-38.81
1699045978.6501355,-37.33
1699045978.6562903,-36.02
1699045978.663425,-34.64
1699045978.6760771,-31.93
1699045978.6838114,-30.38
1699045978.6912704,-28.89
1699045978.699191,-27.54
1699045978.7062085,-26.19
1699045978.713359,-25.04
1699045978.7207816,-23.89
1699045978.7285428,-22.67
1699045978.7363505,-21.39
1699045978.744124,-19.94
1699045978.7509074,-18.69
1699045978.7574067,-17.61
1699045978.7636466,-16.72
1699045978.7700257,-15.81
1699045978.776514,-14.97
1699045978.7830114,-14.19
1699045978.7901802,-13.3
1699045978.7961836,-12.73
1699045978.8023942,-12.2
1699045978.808566,-11.74
1699045978.815433,-11.31
1699045978.8223538,-10.81
1699045978.8285627,-10.45
1699045978.8351176,-10.2
1699045978.8424082,-9.98
1699045978.849799,-9.65
1699045978.85699,-9.31
1699045978.8634303,-9.14
1699045978.8697584,-9.14
1699045978.8760233,-9.11
1699045978.8826551,-9.11
1699045978.8914638,-9.07
1699045978.8997633,-9.03
1699045978.9082618,-9.14
1699045978.9155512,-9.44
1699045978.9235945,-10.01
1699045978.9315069,-10.56
1699045978.940147,-11.25
1699045978.9481173,-12.03
1699045978.955353,-13.0
1699045978.9636085,-14.12
1699045978.9713123,-15.38
1699045978.9795294,-16.78
1699045978.9871838,-18.27
1699045978.9934688,-19.73
1699045979.0004091,-21.03
1699045979.0069132,-22.25
1699045979.0136113,-23.17
1699045979.0215425,-23.34
1699045979.029525,-22.7
1699045979.0369732,-21.92
1699045979.0446699,-20.75
1699045979.0515113,-21.42
1699045979.0588138,-23.02
1699045979.0658116,-24.85
1699045979.073397,-26.13
1699045979.080759,-26.79
1699045979.0883248,-27.12
1699045979.096151,-27.29
1699045979.1032279,-27.42
1699045979.1105702,-27.64
1699045979.1178842,-27.9
1699045979.1251943,-28.15
1699045979.1322434,-28.26
1699045979.1396341,-28.2
1699045979.1467993,-28.07
1699045979.154599,-27.99
1699045979.1624196,-27.97
1699045979.169405,-27.94
1699045979.1771865,-27.92
1699045979.1842613,-27.96
1699045979.192514,-27.97
1699045979.2002764,-28.14
1699045979.207723,-28.3
1699045979.2138484,-28.51
1699045979.2201226,-28.63
1699045979.2270055,-28.74
1699045979.2342894,-28.82
1699045979.240805,-28.81
1699045979.2478383,-28.77
1699045979.253848,-28.65
1699045979.260191,-28.51
1699045979.266471,-28.32
1699045979.2735577,-28.13
1699045979.280088,-27.99
1699045979.2880878,-27.96
1699045979.2951672,-27.95
1699045979.3026245,-27.9
1699045979.3089662,-27.79
1699045979.3156886,-27.68
1699045979.3223536,-27.54
1699045979.3283856,-27.41
1699045979.3367655,-27.27
1699045979.3440638,-27.13
1699045979.3505998,-26.97
1699045979.35678,-26.82
1699045979.3632238,-26.66
1699045979.3700345,-26.48
1699045979.3776436,-26.3
1699045979.384451,-26.15
1699045979.3916135,-26.04
1699045979.3978837,-25.91
1699045979.4046957,-25.79
1699045979.4110558,-25.66
1699045979.417487,-25.5
1699045979.4237509,-25.33
1699045979.4306011,-25.14
1699045979.437248,-24.98
1699045979.4435012,-24.86
1699045979.4496994,-24.7
1699045979.4561956,-24.57
1699045979.4627776,-24.42
1699045979.4689803,-24.38
1699045979.4758303,-24.32
1699045979.482661,-24.16
1699045979.4898627,-24.0
1699045979.4964397,-23.86
1699045979.5027957,-23.76
1699045979.5095408,-23.63
1699045979.5160713,-23.51
1699045979.5231643,-23.42
1699045979.5308967,-23.34
1699045979.5370634,-23.27
1699045979.5441527,-23.19
1699045979.5503955,-23.1
1699045979.556926,-23.01
1699045979.5637164,-22.95
1699045979.5724003,-22.89
1699045979.5788763,-22.85
1699045979.5866919,-22.81
1699045979.59506,-22.78
1699045979.603693,-22.78
1699045979.6115906,-22.77
1699045979.6192799,-22.76
1699045979.6264832,-22.76
1699045979.6346664,-22.8
1699045979.6427422,-22.88
1699045979.649499,-22.96
1699045979.6555893,-22.96
1699045979.6616244,-22.98
1699045979.6679955,-23.01
1699045979.6741524,-23.05
1699045979.681339,-23.08
1699045979.6884995,-23.17
1699045979.69637,-23.28
1699045979.702497,-23.39
1699045979.7089336,-23.49
1699045979.7154138,-23.59
1699045979.7240806,-23.69
1699045979.731384,-23.9
1699045979.7390072,-24.12
1699045979.745864,-24.3
1699045979.752296,-24.52
1699045979.7606385,-24.77
1699045979.767517,-24.98
1699045979.7744486,-25.19
1699045979.7812784,-25.42
1699045979.7884264,-25.58
1699045979.7960806,-25.95
1699045979.803283,-26.31
1699045979.810673,-26.6
1699045979.8174305,-27.04
1699045979.8244233,-27.42
1699045979.8314338,-27.7
1699045979.839212,-28.25
1699045979.8482025,-28.88
1699045979.8549862,-29.63
1699045979.8613603,-30.18
1699045979.8675184,-30.79
1699045979.8758707,-31.42
1699045979.8843827,-32.46
1699045979.8915586,-33.53
1699045979.8991308,-34.59
1699045979.906631,-35.88
1699045979.914076,-37.11
1699045979.9223917,-38.42
1699045979.9301355,-40.06
1699045979.9376137,-41.64
1699045979.944695,-43.27
1699045979.9518175,-44.56
1699045979.9600115,-45.98
1699045979.9685984,-47.76
1699045979.9770246,-49.43
1699045979.9842043,-51.11
1699045979.9921198,-52.51
1699045979.9992383,-54.37
1699045980.005365,-55.84
1699045980.0120335,-57.43
1699045980.0186944,-59.22
1699045980.0258307,-60.91
1699045980.0319939,-62.74
1699045980.0383747,-64.45
1699045980.0495026,-67.01
1699045980.0577404,-68.79
1699045980.0662344,-70.84
1699045980.0728972,-72.38
1699045980.0791156,-73.2
1699045980.0860977,-73.9
1699045980.0958261,-74.82
1699045980.1031268,-75.01
1699045980.1099184,-75.08
1699045980.1182628,-74.73
1699045980.1244206,-74.0
1699045980.1307921,-73.13
1699045980.1378026,-72.32
1699045980.144946,-71.14
1699045980.1514304,-70.64
1699045980.1590548,-68.35
1699045980.1652935,-67.56
1699045980.171872,-66.36
1699045980.1781068,-64.59
1699045980.1851745,-62.88
1699045980.1922615,-60.95
1699045980.1997726,-58.5
1699045980.2064066,-55.99
1699045980.212696,-53.77
1699045980.219833,-51.66
1699045980.2268488,-49.45
1699045980.2337425,-47.18
1699045980.2417498,-44.75
1699045980.2481363,-42.62
1699045980.2547462,-40.84
1699045980.2609272,-39.12
1699045980.2681997,-37.6
1699045980.2744217,-35.83
1699045980.2832048,-34.05
1699045980.2904599,-32.42
1699045980.2980406,-30.72
1699045980.3063607,-29.1
1699045980.313469,-27.49
1699045980.3211806,-25.97
1699045980.3281343,-24.44
1699045980.3360574,-23.26
1699045980.343292,-21.76
1699045980.3513217,-20.5
1699045980.3592854,-18.95
1699045980.3677723,-17.42
1699045980.3741388,-15.95
1699045980.3805501,-14.98
1699045980.388019,-13.96
1699045980.3965511,-12.69
1699045980.4042451,-11.37
1699045980.4123542,-10.2
1699045980.4184651,-9.18
1699045980.4246578,-8.6
1699045980.4316356,-7.98
1699045980.4382448,-7.47
1699045980.4451401,-7.04
1699045980.4513958,-6.69
1699045980.457906,-6.47
1699045980.466392,-5.95
1699045980.4729104,-5.86
1699045980.4794178,-5.88
1699045980.485785,-5.94
1699045980.492016,-6.14
1699045980.4989994,-6.42
1699045980.5064316,-6.59
1699045980.512624,-7.08
1699045980.5191221,-7.79
1699045980.5254567,-8.63
1699045980.5322971,-9.57
1699045980.5385945,-10.64
1699045980.545693,-11.83
1699045980.5548635,-13.0
1699045980.5619733,-14.4
1699045980.5692658,-15.88
1699045980.5771513,-17.47
1699045980.5849648,-19.19
1699045980.592758,-20.84
1699045980.5999281,-21.95
1699045980.6074703,-22.06
1699045980.6155918,-21.42
1699045980.6242857,-20.61
1699045980.631324,-20.45
1699045980.6376944,-22.17
1699045980.6455562,-24.25
1699045980.6535206,-25.9
1699045980.6607344,-26.77
1699045980.668302,-27.4
1699045980.675861,-27.99
1699045980.6831694,-28.57
1699045980.6904023,-29.29
1699045980.6988175,-30.04
1699045980.7062714,-30.62
1699045980.713664,-31.08
1699045980.7206821,-31.17
1699045980.7285848,-31.3
1699045980.7364774,-31.34
1699045980.7436016,-31.54
1699045980.7512171,-31.69
1699045980.7589157,-31.67
1699045980.7667303,-31.57
1699045980.774223,-31.37
1699045980.7814713,-31.17
1699045980.789442,-31.07
1699045980.7970526,-30.9
1699045980.8043938,-30.7
1699045980.8122709,-30.41
1699045980.8197029,-30.14
1699045980.8270147,-29.91
1699045980.835009,-29.7
1699045980.8422022,-29.52
1699045980.8504374,-29.32
1699045980.8568692,-29.13
1699045980.8630903,-28.9
1699045980.8692458,-28.68
1699045980.876552,-28.45
1699045980.88334,-28.22
1699045980.8903317,-27.99
1699045980.8964405,-27.76
1699045980.902784,-27.53
1699045980.909361,-27.32
1699045980.9160318,-27.11
1699045980.9226425,-26.91
1699045980.9301178,-26.74
1699045980.9362936,-26.58
1699045980.9430609,-26.4
1699045980.9493136,-26.23
1699045980.9558322,-26.08
1699045980.9635668,-25.92
1699045980.9702013,-25.76
1699045980.9772952,-25.63
1699045980.9834473,-25.53
1699045980.9897714,-25.42
1699045980.9963384,-25.33
1699045981.0048492,-25.25
1699045981.0121026,-25.2
1699045981.0194442,-25.14
1699045981.0264716,-25.12
1699045981.0349474,-25.09
1699045981.041798,-25.05
1699045981.048122,-25.01
1699045981.0543823,-24.97
1699045981.0606356,-24.94
1699045981.0670598,-24.93
1699045981.0741878,-24.92
1699045981.0805578,-24.91
1699045981.087183,-24.89
1699045981.093497,-24.87
1699045981.1001627,-24.85
1699045981.1064463,-24.84
1699045981.1132905,-24.83
1699045981.12093,-24.87
1699045981.1273992,-24.85
1699045981.1336718,-24.83
1699045981.1398947,-24.8
1699045981.1461186,-24.8
1699045981.1523163,-24.77
1699045981.1585813,-24.79
1699045981.166937,-24.8
1699045981.1736934,-24.94
1699045981.1801498,-25.01
1699045981.186816,-25.12
1699045981.1932585,-25.22
1699045981.1996608,-25.34
1699045981.2066789,-25.46
1699045981.216149,-25.68
1699045981.222635,-25.86
1699045981.23023,-26.02
1699045981.2366138,-26.19
1699045981.2429953,-26.33
1699045981.2508843,-26.47
1699045981.2578745,-26.79
1699045981.2657619,-27.15
1699045981.2719357,-27.39
1699045981.2782373,-27.6
1699045981.2855916,-27.69
1699045981.2934098,-28.11
1699045981.3009799,-28.54
1699045981.3091762,-28.91
1699045981.316648,-29.25
1699045981.32396,-29.67
1699045981.3315518,-30.13
1699045981.337952,-30.5
1699045981.344522,-30.9
1699045981.3527348,-31.43
1699045981.360168,-32.0
1699045981.367595,-32.68
1699045981.3750472,-33.37
1699045981.3817945,-34.16
1699045981.3887248,-34.9
1699045981.3957222,-35.87
1699045981.4038363,-36.96
1699045981.4111912,-38.37
1699045981.419028,-39.7
1699045981.4265082,-41.21
1699045981.4338727,-42.72
1699045981.4409776,-44.06
1699045981.4485142,-45.23
1699045981.4557965,-46.71
1699045981.4641373,-48.05
1699045981.4710872,-49.82
1699045981.477622,-50.99
1699045981.4840918,-52.34
1699045981.49013,-53.62
1699045981.4964027,-55.05
1699045981.5027707,-56.7
1699045981.509352,-58.43
1699045981.5158713,-60.04
1699045981.5221274,-61.63
1699045981.528943,-63.29
1699045981.535576,-64.93
1699045981.5424535,-66.35
1699045981.5485473,-67.84
1699045981.5555208,-69.11
1699045981.5618057,-70.5
1699045981.5682352,-71.62
1699045981.5750594,-72.64
1699045981.582108,-73.53
1699045981.588832,-73.47
1699045981.59524,-73.89
1699045981.6017635,-73.61
1699045981.608788,-73.16
1699045981.6159992,-72.36
1699045981.6313627,-70.86
1699045981.639721,-69.05
1699045981.6470249,-66.92
1699045981.6542232,-65.56
1699045981.6608453,-63.42
1699045981.6675117,-60.63
1699045981.6740503,-58.65
1699045981.680313,-56.79
1699045981.6865861,-54.03
1699045981.6927946,-51.44
1699045981.69984,-49.35
1699045981.7062094,-47.5
1699045981.7132044,-45.83
1699045981.7196944,-43.93
1699045981.7257254,-42.12
1699045981.731995,-40.45
1699045981.7383373,-38.82
1699045981.744574,-37.4
1699045981.7511723,-35.92
1699045981.7581818,-34.51
1699045981.7679048,-32.31
1699045981.7742047,-30.95
1699045981.7812595,-29.61
1699045981.7886395,-28.43
1699045981.7958958,-27.08
1699045981.8039181,-25.75
1699045981.8111293,-24.17
1699045981.818484,-22.86
1699045981.8270013,-21.44
1699045981.8362079,-19.91
1699045981.8432727,-18.36
1699045981.854851,-16.41
1699045981.862293,-14.9
1699045981.869188,-13.78
1699045981.8754666,-12.92
1699045981.8826034,-12.03
1699045981.8887417,-11.05
1699045981.8951502,-10.36
1699045981.9014008,-9.65
1699045981.9078293,-9.15
1699045981.9149554,-8.56
1699045981.9219,-8.03
1699045981.9299796,-7.47
1699045981.937931,-7.03
1699045981.9453776,-6.48
1699045981.95242,-6.09
1699045981.9597793,-5.82
1699045981.967424,-5.56
1699045981.9757833,-5.33
1699045981.9827852,-5.15
1699045981.9899735,-5.31
1699045981.998038,-5.61
1699045982.005681,-5.97
1699045982.0139968,-6.59
1699045982.0219092,-7.37
1699045982.0287354,-8.53
1699045982.036659,-9.85
1699045982.043887,-11.28
1699045982.051701,-12.85
1699045982.060107,-14.58
1699045982.0678782,-16.44
1699045982.0753362,-18.23
1699045982.0830827,-19.84
1699045982.091272,-21.34
1699045982.0977173,-21.92
1699045982.1041322,-21.65
1699045982.1127353,-20.99
1699045982.1199234,-20.28
1699045982.127204,-20.23
1699045982.1344483,-22.19
1699045982.1422973,-24.45
1699045982.1503255,-25.95
1699045982.1580284,-26.61
1699045982.165987,-26.95
1699045982.1732461,-27.67
1699045982.1815972,-28.77
1699045982.1884902,-29.93
1699045982.1963475,-30.63
1699045982.2041032,-30.9
1699045982.211796,-31.03
1699045982.2191038,-31.17
1699045982.2262292,-31.12
1699045982.2336204,-31.11
1699045982.241238,-30.96
1699045982.248852,-30.87
1699045982.256584,-30.73
1699045982.2651682,-30.49
1699045982.272255,-30.28
1699045982.2794058,-30.02
1699045982.2869925,-29.82
1699045982.2950113,-29.55
1699045982.303233,-29.25
1699045982.311309,-28.95
1699045982.3190272,-28.71
1699045982.3264737,-28.51
1699045982.3343582,-28.27
1699045982.3424697,-28.03
1699045982.350892,-27.81
1699045982.3582826,-27.57
1699045982.3653166,-27.33
1699045982.3729599,-27.12
1699045982.3806608,-26.92
1699045982.388757,-26.7
1699045982.3963325,-26.52
1699045982.4030848,-26.35
1699045982.411058,-26.22
1699045982.4180877,-26.12
1699045982.425877,-26.0
1699045982.434027,-25.89
1699045982.4423916,-25.79
1699045982.4494786,-25.71
1699045982.4566019,-25.62
1699045982.4650617,-25.56
1699045982.4726548,-25.5
1699045982.4801366,-25.47
1699045982.4878154,-25.43
1699045982.4953945,-25.36
1699045982.502254,-25.31
1699045982.5105157,-25.26
1699045982.517155,-25.23
1699045982.5238452,-25.16
1699045982.5300577,-25.13
1699045982.536387,-25.06
1699045982.54271,-25.02
1699045982.5491996,-24.95
1699045982.5554445,-24.89
1699045982.5617745,-24.85
1699045982.5681725,-24.8
1699045982.5768082,-24.78
1699045982.5837874,-24.79
1699045982.590284,-24.77
1699045982.5985518,-24.77
1699045982.6062515,-24.79
1699045982.6144783,-24.83
1699045982.6214569,-24.91
1699045982.6294248,-24.96
1699045982.6383383,-25.05
1699045982.6456413,-25.1
1699045982.652039,-25.14
1699045982.6581552,-25.2
1699045982.6642637,-25.26
1699045982.6713707,-25.33
1699045982.6806893,-25.5
1699045982.688365,-25.73
1699045982.6966162,-25.93
1699045982.7040257,-26.19
1699045982.7121484,-26.43
1699045982.7198498,-26.71
1699045982.7270684,-27.01
1699045982.7331557,-27.29
1699045982.739655,-27.51
1699045982.746989,-27.83
1699045982.754835,-28.2
1699045982.7614253,-28.58
1699045982.7699223,-28.96
1699045982.7772398,-29.33
1699045982.7849455,-29.79
1699045982.7926123,-30.21
1699045982.800318,-30.65
1699045982.8083332,-31.14
1699045982.8157454,-31.77
1699045982.8236904,-32.32
1699045982.8310688,-32.96
1699045982.8391063,-33.64
1699045982.8473277,-34.28
1699045982.8536038,-35.11
1699045982.8600168,-35.74
1699045982.8662336,-36.42
1699045982.8732185,-37.21
1699045982.8807712,-38.1
1699045982.8880289,-39.25
1699045982.8952382,-40.52
1699045982.9024081,-41.83
1699045982.9092126,-43.22
1699045982.9174852,-44.44
1699045982.9248903,-45.99
1699045982.9320872,-47.15
1699045982.93926,-48.22
1699045982.9461944,-49.35
1699045982.9539874,-50.54
1699045982.961501,-52.28
1699045982.9683542,-54.14
1699045982.9755194,-55.9
1699045982.9827123,-57.93
1699045982.9899857,-60.01
1699045982.9968975,-61.83
1699045983.0045671,-63.74
1699045983.0124705,-65.58
1699045983.019517,-67.38
1699045983.0265152,-68.95
1699045983.0337908,-70.35
1699045983.0409591,-71.54
1699045983.0484285,-72.49
1699045983.0554025,-73.1
1699045983.062459,-73.43
1699045983.0695913,-73.38
1699045983.0767093,-73.11
1699045983.0841882,-72.41
1699045983.0912185,-71.59
1699045983.098076,-70.82
1699045983.1052313,-70.0
1699045983.1124532,-69.08
1699045983.1194437,-66.86
1699045983.1272228,-65.78
1699045983.1345692,-64.91
1699045983.1414316,-63.3
1699045983.148993,-62.0
1699045983.1559212,-60.76
1699045983.1630018,-59.24
1699045983.1700754,-57.67
1699045983.1780405,-56.03
1699045983.1854818,-54.3
1699045983.1926851,-52.65
1699045983.2000942,-50.85
1699045983.2074637,-48.99
1699045983.2144017,-47.06
1699045983.221707,-45.31
1699045983.2288542,-43.64
1699045983.2360055,-41.93
1699045983.2433412,-40.28
1699045983.250885,-38.6
1699045983.2582452,-36.98
1699045983.2651527,-35.41
1699045983.2736497,-33.92
1699045983.2804213,-32.02
1699045983.2871306,-30.73
1699045983.2933636,-29.42
1699045983.2998195,-28.29
1699045983.3062143,-27.07
1699045983.3127222,-25.89
1699045983.3191288,-24.85
1699045983.325798,-23.75
1699045983.332188,-22.61
1699045983.3393745,-21.52
