1699046033.2540457,-0.37
1699046033.2681532,-0.72
1699046033.2837927,-1.07
1699046033.297581,-1.39
1699046033.311406,-1.72
1699046033.3200817,-2.05
1699046033.3264906,-2.35
1699046033.3328817,-2.66
1699046033.3396726,-2.97
1699046033.346199,-3.27
1699046033.3524802,-3.57
1699046033.3588717,-3.86
1699046033.3655326,-4.14
1699046033.372221,-4.42
1699046033.38011,-4.68
1699046033.3876133,-4.94
1699046033.3951886,-5.2
1699046033.4056194,-5.43
1699046033.4120457,-5.67
1699046033.4182591,-5.9
1699046033.424521,-6.14
1699046033.4310105,-6.38
1699046033.4371507,-6.63
1699046033.4435785,-6.84
1699046033.4498718,-7.06
1699046033.4565191,-7.26
1699046033.4633338,-7.48
1699046033.4697146,-7.69
1699046033.4759521,-7.91
1699046033.4826403,-8.1
1699046033.4892445,-8.31
1699046033.4959424,-8.51
1699046033.5022151,-8.69
1699046033.508372,-8.88
1699046033.5150535,-9.05
1699046033.5221114,-9.24
1699046033.5290022,-9.42
1699046033.5352516,-9.6
1699046033.5419693,-9.77
1699046033.5492015,-9.93
1699046033.5556653,-10.1
1699046033.5625124,-10.25
1699046033.5687084,-10.4
1699046033.574969,-10.55
1699046033.5813298,-10.7
1699046033.5878835,-10.86
1699046033.596384,-10.99
1699046033.604885,-11.14
1699046033.6119647,-11.28
1699046033.6196578,-11.41
1699046033.627755,-11.53
1699046033.6353593,-11.67
1699046033.642693,-11.78
1699046033.6498542,-11.92
1699046033.657398,-12.04
1699046033.6650372,-12.16
1699046033.6728086,-12.27
1699046033.680858,-12.38
1699046033.689791,-12.5
1699046033.6970417,-12.61
1699046033.703851,-12.72
1699046033.7109425,-12.82
1699046033.7172618,-12.93
1699046033.723736,-13.01
1699046033.730699,-13.11
1699046033.7380128,-13.21
1699046033.7443435,-13.29
1699046033.7511027,-13.38
1699046033.7575834,-13.48
1699046033.7641718,-13.57
1699046033.7709637,-13.66
1699046033.7772312,-13.74
1699046033.7843428,-13.83
1699046033.791105,-13.91
1699046033.7974207,-13.99
1699046033.804185,-14.08
1699046033.81158,-14.16
1699046033.8190532,-14.23
1699046033.8266597,-14.3
1699046033.8340268,-14.37
1699046033.8414326,-14.44
1699046033.8492737,-14.5
1699046033.8562977,-14.56
1699046033.8640244,-14.63
1699046033.8706827,-14.69
1699046033.8768487,-14.76
1699046033.8831954,-14.82
1699046033.8898473,-14.88
1699046033.8960721,-14.93
1699046033.9027786,-14.99
1699046033.9093711,-15.06
1699046033.91546,-15.1
1699046033.921803,-15.18
1699046033.9283714,-15.23
1699046033.9351404,-15.27
1699046033.9415727,-15.34
1699046033.9483008,-15.39
1699046033.9547656,-15.44
1699046033.9611561,-15.48
1699046033.967895,-15.53
1699046033.9746196,-15.56
1699046033.9811807,-15.61
1699046033.9876518,-15.64
1699046033.9939713,-15.69
1699046034.0005414,-15.74
1699046034.00743,-15.78
1699046034.0143237,-15.82
1699046034.0208929,-15.88
1699046034.0273204,-15.91
1699046034.0335774,-15.96
1699046034.04003,-16.0
1699046034.0465808,-16.04
1699046034.0532365,-16.07
1699046034.0596328,-16.11
1699046034.0659018,-16.15
1699046034.0723224,-16.17
1699046034.0792706,-16.21
1699046034.0863614,-16.24
1699046034.0928295,-16.28
1699046034.099074,-16.31
1699046034.105388,-16.35
1699046034.1119995,-16.39
1699046034.118575,-16.42
1699046034.1251986,-16.46
1699046034.131504,-16.49
1699046034.137914,-16.51
1699046034.1442327,-16.54
1699046034.1510715,-16.57
1699046034.1572988,-16.6
1699046034.1641176,-16.65
1699046034.171194,-16.65
1699046034.177193,-16.68
1699046034.1838698,-16.71
1699046034.190869,-16.74
1699046034.1976216,-16.76
1699046034.2040868,-16.79
1699046034.2105231,-16.81
1699046034.2168498,-16.84
1699046034.223473,-16.86
1699046034.2299333,-16.89
1699046034.2369363,-16.9
1699046034.2431972,-16.93
1699046034.2495608,-16.96
1699046034.2565224,-16.98
1699046034.2634923,-17.0
1699046034.2708688,-17.01
1699046034.2773163,-17.05
1699046034.2835202,-17.07
1699046034.290241,-17.08
1699046034.297174,-17.1
1699046034.3042,-17.11
1699046034.31308,-17.13
1699046034.3198206,-17.13
1699046034.3264189,-17.13
1699046034.3331873,-17.15
1699046034.3398716,-17.16
1699046034.3462956,-17.19
1699046034.3535202,-17.2
1699046034.360213,-17.22
1699046034.3684855,-17.24
1699046034.3751385,-17.24
1699046034.382207,-17.25
1699046034.3893929,-17.28
1699046034.395843,-17.26
1699046034.4020808,-17.28
1699046034.4082382,-17.29
1699046034.414486,-17.31
1699046034.4209232,-17.32
1699046034.4273975,-17.33
1699046034.4337587,-17.36
1699046034.4424384,-17.37
1699046034.4506857,-17.37
1699046034.4572937,-17.38
1699046034.463945,-17.4
1699046034.4701989,-17.41
1699046034.4769108,-17.44
1699046034.4831042,-17.44
1699046034.4906867,-17.44
1699046034.4975748,-17.45
1699046034.5042114,-17.45
1699046034.510387,-17.47
1699046034.5166678,-17.48
1699046034.5235894,-17.49
1699046034.5317936,-17.5
1699046034.5381758,-17.51
1699046034.5447235,-17.52
1699046034.5508258,-17.53
1699046034.557092,-17.54
1699046034.565578,-17.56
1699046034.5719216,-17.56
1699046034.5783393,-17.57
1699046034.5860066,-17.58
1699046034.5937517,-17.59
1699046034.6011512,-17.58
1699046034.6083724,-17.58
1699046034.6152,-17.59
1699046034.6215112,-17.6
1699046034.6290379,-17.6
1699046034.6352432,-17.61
1699046034.641876,-17.62
1699046034.6504273,-17.62
1699046034.6576903,-17.62
1699046034.6639957,-17.63
1699046034.671757,-17.66
1699046034.6780539,-17.66
1699046034.684218,-17.67
1699046034.6914334,-17.67
1699046034.6978683,-17.66
1699046034.7041748,-17.67
1699046034.7104864,-17.67
1699046034.7180424,-17.69
1699046034.725039,-17.69
1699046034.7320037,-17.7
1699046034.7394,-17.7
1699046034.7477934,-17.7
1699046034.756157,-17.71
1699046034.7660983,-17.72
1699046034.772973,-17.72
1699046034.7811291,-17.74
1699046034.7891114,-17.75
1699046034.7967825,-17.76
1699046034.805845,-17.76
1699046034.8126602,-17.77
1699046034.819758,-17.79
1699046034.8277183,-17.79
1699046034.8360639,-17.8
1699046034.8430202,-17.8
1699046034.8491728,-17.82
1699046034.8557327,-17.83
1699046034.8620884,-17.84
1699046034.8685653,-17.85
1699046034.8749511,-17.86
1699046034.8812847,-17.88
1699046034.890046,-17.88
1699046034.8965626,-17.88
1699046034.9039788,-17.89
1699046034.9104297,-17.9
1699046034.9166553,-17.9
1699046034.9231012,-17.91
1699046034.9291399,-17.92
1699046034.9353476,-17.92
1699046034.9424589,-17.93
1699046034.9489164,-17.93
1699046034.9572928,-17.94
1699046034.964603,-17.95
1699046034.9726236,-17.94
1699046034.9806402,-17.95
1699046034.988953,-17.96
1699046034.9963923,-17.96
1699046035.004243,-17.96
1699046035.01216,-17.97
1699046035.0204382,-17.97
1699046035.0283313,-17.98
1699046035.0361092,-18.0
1699046035.0431964,-18.0
1699046035.0524976,-18.01
1699046035.0604062,-18.02
1699046035.0686212,-18.02
1699046035.076202,-18.02
1699046035.0829544,-18.03
1699046035.0892963,-18.02
1699046035.0958333,-18.03
1699046035.1043434,-18.03
1699046035.1116436,-18.04
1699046035.1189709,-18.04
1699046035.1253538,-18.02
1699046035.131738,-18.02
1699046035.1380796,-18.02
1699046035.1447413,-18.04
1699046035.1520236,-18.03
1699046035.1583056,-18.03
1699046035.1646082,-18.03
1699046035.1710095,-18.03
1699046035.1787677,-18.03
1699046035.186818,-18.04
1699046035.1947246,-18.02
1699046035.201895,-18.0
1699046035.2081096,-18.01
1699046035.2143939,-18.02
1699046035.2207737,-18.02
1699046035.2272224,-18.04
1699046035.2335165,-18.04
1699046035.2395809,-18.04
1699046035.2459028,-18.04
1699046035.2522886,-18.06
1699046035.2587035,-18.06
1699046035.2649946,-18.07
1699046035.271059,-18.07
1699046035.2773395,-18.07
1699046035.28372,-18.08
1699046035.2899435,-18.08
1699046035.2961817,-18.08
1699046035.3022637,-18.08
1699046035.3086216,-18.07
1699046035.3149989,-18.06
1699046035.3211343,-18.05
1699046035.3273127,-18.04
1699046035.3336256,-18.02
1699046035.3400784,-18.02
1699046035.346622,-18.02
1699046035.3530962,-18.01
1699046035.3594804,-18.01
1699046035.3658211,-17.99
1699046035.3723178,-17.99
1699046035.3790138,-17.99
1699046035.3852668,-17.99
1699046035.391466,-17.99
1699046035.397609,-18.01
1699046035.404873,-18.01
1699046035.4123545,-18.01
1699046035.4187396,-18.0
1699046035.4263222,-18.01
1699046035.433154,-18.01
1699046035.4398785,-18.0
1699046035.4463558,-17.99
1699046035.4541376,-17.99
1699046035.4613044,-18.01
1699046035.468922,-18.0
1699046035.4759545,-18.0
1699046035.4824212,-18.01
1699046035.4886801,-18.02
1699046035.4950724,-18.02
1699046035.501566,-18.02
1699046035.5080445,-18.03
1699046035.5140817,-18.03
1699046035.5203228,-18.04
1699046035.5275168,-18.03
1699046035.53397,-18.04
1699046035.5402277,-18.05
1699046035.547054,-18.05
1699046035.5533433,-18.05
1699046035.5623112,-18.05
1699046035.5692313,-18.06
1699046035.5760899,-18.07
1699046035.583333,-18.09
1699046035.5906563,-18.11
1699046035.5982358,-18.14
1699046035.6044414,-18.18
1699046035.6114366,-18.19
1699046035.6211424,-18.22
1699046035.6293297,-18.24
1699046035.6376922,-18.28
1699046035.6459079,-18.32
1699046035.6533463,-18.35
1699046035.660402,-18.4
1699046035.6666682,-18.44
1699046035.6737242,-18.48
1699046035.6818721,-18.5
1699046035.6886895,-18.56
1699046035.6955457,-18.59
1699046035.7020252,-18.63
1699046035.709045,-18.68
1699046035.7159054,-18.74
1699046035.7239304,-18.79
1699046035.7317197,-18.84
1699046035.7393587,-18.88
1699046035.7461832,-18.92
1699046035.7527034,-18.98
1699046035.759155,-19.02
1699046035.7654064,-19.06
1699046035.7718277,-19.09
1699046035.7782183,-19.13
1699046035.7892556,-19.17
1699046035.796185,-19.2
1699046035.802985,-19.23
1699046035.8113017,-19.26
1699046035.8188095,-19.3
1699046035.8256493,-19.33
1699046035.8320503,-19.38
1699046035.838322,-19.41
1699046035.8460338,-19.41
1699046035.852334,-19.43
1699046035.8590236,-19.43
1699046035.865818,-19.42
1699046035.8722758,-19.41
1699046035.8793678,-19.39
1699046035.8866677,-19.4
1699046035.8943973,-19.37
1699046035.9020784,-19.33
1699046035.9098783,-19.29
1699046035.9173431,-19.25
1699046035.9243422,-19.2
1699046035.9324703,-19.17
1699046035.939548,-19.14
1699046035.9487138,-19.09
1699046035.9575725,-19.06
1699046035.9642508,-19.04
1699046035.9723668,-19.03
1699046035.9801104,-19.03
1699046035.9864678,-19.02
1699046035.9930713,-19.04
1699046036.0005944,-19.07
1699046036.008824,-19.1
1699046036.0163279,-19.16
1699046036.0233896,-19.21
1699046036.0296235,-19.26
1699046036.0369804,-19.35
1699046036.0452936,-19.42
1699046036.0524728,-19.5
1699046036.0592315,-19.58
1699046036.0654936,-19.67
1699046036.0727947,-19.74
1699046036.080169,-19.85
1699046036.087847,-19.97
1699046036.094953,-20.11
1699046036.1037161,-20.27
1699046036.1113288,-20.42
1699046036.1183195,-20.6
1699046036.125331,-20.71
1699046036.1324918,-20.78
1699046036.1397986,-20.99
1699046036.1468778,-21.16
1699046036.1553905,-21.42
1699046036.1615226,-21.61
1699046036.1683998,-21.82
1699046036.1754835,-22.02
1699046036.1828349,-22.23
1699046036.1898012,-22.46
1699046036.196927,-22.71
1699046036.2035463,-22.96
1699046036.2104301,-23.19
1699046036.217238,-23.45
1699046036.2239785,-23.71
1699046036.2302556,-24.0
1699046036.2394412,-24.24
1699046036.2458103,-24.61
1699046036.2532833,-24.93
1699046036.2605045,-25.23
1699046036.267324,-25.53
1699046036.2735553,-25.85
1699046036.2795677,-26.11
1699046036.2858064,-26.37
1699046036.292416,-26.7
1699046036.298746,-27.0
1699046036.3051083,-27.3
1699046036.3114765,-27.64
1699046036.3182578,-28.01
1699046036.3242893,-28.35
1699046036.330867,-28.67
1699046036.3371737,-29.0
1699046036.345106,-29.35
1699046036.3514938,-29.7
1699046036.35789,-30.01
1699046036.3646562,-30.34
1699046036.3717248,-30.69
1699046036.378057,-31.01
1699046036.3856108,-31.29
1699046036.3926969,-31.66
1699046036.3992867,-31.93
1699046036.4056082,-32.2
1699046036.4124088,-32.46
1699046036.420244,-32.74
1699046036.4264133,-33.02
1699046036.433736,-33.26
1699046036.4409401,-33.6
1699046036.4493606,-34.01
1699046036.4556935,-34.41
1699046036.4619894,-34.77
1699046036.4696045,-35.31
1699046036.4768946,-35.97
1699046036.4836128,-36.7
1699046036.4901202,-37.34
1699046036.4989188,-38.46
1699046036.5051897,-39.39
1699046036.5116332,-40.32
1699046036.5177872,-41.31
1699046036.5241795,-42.26
1699046036.5302207,-43.38
1699046036.536428,-44.41
1699046036.5432112,-45.65
1699046036.549803,-47.03
1699046036.556193,-48.38
1699046036.562484,-49.65
1699046036.569063,-51.01
1699046036.5761294,-52.41
1699046036.5824597,-54.01
1699046036.588807,-55.45
1699046036.595405,-56.97
1699046036.603015,-58.74
1699046036.6102839,-60.58
1699046036.6168504,-62.41
1699046036.623407,-63.85
1699046036.631006,-65.16
1699046036.6387804,-66.35
1699046036.6452408,-67.25
1699046036.6517556,-67.68
1699046036.6589875,-67.88
1699046036.6671305,-67.94
1699046036.6741722,-67.59
1699046036.6810396,-66.92
1699046036.688566,-66.32
1699046036.695724,-65.69
1699046036.7030015,-64.62
1699046036.7100992,-63.09
1699046036.7163737,-61.66
1699046036.723101,-60.1
1699046036.7293613,-58.46
1699046036.7354872,-57.06
1699046036.7431915,-55.53
1699046036.7502263,-53.91
1699046036.7568436,-52.3
1699046036.7630851,-50.76
1699046036.7692494,-49.19
1699046036.776161,-47.55
1699046036.7830374,-45.68
1699046036.7892702,-43.92
1699046036.796156,-42.09
1699046036.8022885,-40.39
1699046036.8086188,-38.67
1699046036.814905,-37.01
1699046036.8212943,-35.28
1699046036.8275073,-33.59
1699046036.8337529,-31.99
1699046036.8399181,-30.5
1699046036.8459442,-29.06
1699046036.852161,-27.61
1699046036.8583765,-26.19
1699046036.8647976,-24.78
1699046036.8715897,-23.35
1699046036.8777092,-21.87
1699046036.8837445,-20.66
1699046036.8898652,-19.5
1699046036.8961494,-18.37
1699046036.9030092,-17.24
1699046036.9096837,-16.0
1699046036.9158893,-14.94
1699046036.9222162,-13.93
1699046036.9284158,-12.93
1699046036.934866,-11.97
1699046036.9410763,-11.02
1699046036.9490674,-10.1
1699046036.9562254,-9.08
1699046036.9640481,-8.19
1699046036.9714463,-7.43
1699046036.977737,-6.8
1699046036.98394,-6.49
1699046036.9903793,-6.21
1699046036.9966402,-6.05
1699046037.003178,-5.96
1699046037.0093741,-5.88
1699046037.015738,-5.91
1699046037.0219526,-5.96
1699046037.0282862,-6.06
1699046037.0348682,-6.19
1699046037.04124,-6.33
1699046037.0475893,-6.56
1699046037.05387,-6.85
1699046037.0603383,-7.19
1699046037.0667021,-7.53
1699046037.0727923,-7.99
1699046037.0789704,-8.56
1699046037.0853577,-9.22
1699046037.0917697,-10.01
1699046037.0980637,-10.92
1699046037.1043973,-11.97
1699046037.1111581,-13.09
1699046037.1173828,-14.3
1699046037.1239,-15.61
1699046037.1301785,-16.94
1699046037.1368048,-18.34
1699046037.143582,-19.73
1699046037.1496732,-21.08
1699046037.1557894,-22.41
1699046037.162165,-23.66
1699046037.1685002,-24.95
1699046037.174877,-26.21
1699046037.181143,-27.3
1699046037.1929107,-28.25
1699046037.20063,-28.35
1699046037.2080543,-27.5
1699046037.2147453,-26.41
1699046037.2208905,-25.41
1699046037.2276762,-25.72
1699046037.2345116,-26.9
1699046037.2424028,-28.34
1699046037.250997,-29.93
1699046037.2570233,-30.97
1699046037.2638047,-31.62
1699046037.2710485,-32.04
1699046037.2783048,-32.17
1699046037.2857559,-32.41
1699046037.2930954,-32.66
1699046037.3014865,-32.78
1699046037.3091605,-32.69
1699046037.315854,-32.56
1699046037.3222516,-32.47
1699046037.328536,-32.29
1699046037.3351197,-32.15
1699046037.3412895,-32.01
1699046037.3478134,-31.82
1699046037.3540711,-31.57
1699046037.3601024,-31.27
1699046037.3663807,-31.03
1699046037.3726122,-30.73
1699046037.3790607,-30.41
1699046037.3855872,-30.1
1699046037.3917396,-29.87
1699046037.3984108,-29.67
1699046037.4045596,-29.47
1699046037.4113224,-29.24
1699046037.4176376,-29.02
1699046037.424238,-28.82
1699046037.430654,-28.65
1699046037.43712,-28.46
1699046037.443263,-28.27
1699046037.450021,-28.06
1699046037.4563107,-27.85
1699046037.46249,-27.65
1699046037.4686072,-27.44
1699046037.4752867,-27.22
1699046037.4814968,-26.99
1699046037.4877622,-26.78
1699046037.493906,-26.58
1699046037.5006983,-26.39
1699046037.5077443,-26.22
1699046037.5157182,-26.05
1699046037.521784,-25.92
1699046037.5281444,-25.73
1699046037.5349576,-25.57
1699046037.541608,-25.43
1699046037.5477703,-25.31
1699046037.5540066,-25.24
1699046037.5637307,-25.19
1699046037.5710738,-25.13
1699046037.5780995,-25.07
1699046037.584476,-25.02
1699046037.5908194,-24.94
1699046037.6012125,-24.93
1699046037.609762,-24.95
1699046037.6173718,-24.94
1699046037.6250002,-24.95
1699046037.6344855,-25.04
1699046037.6407142,-25.07
1699046037.6470554,-25.11
1699046037.653205,-25.15
1699046037.6598377,-25.2
1699046037.6685479,-25.18
1699046037.675888,-25.26
1699046037.6821525,-25.26
1699046037.690383,-25.26
1699046037.698331,-25.31
1699046037.705515,-25.41
1699046037.7118282,-25.48
1699046037.7217464,-25.63
1699046037.7284958,-25.89
1699046037.7357278,-26.08
1699046037.7432184,-26.26
1699046037.7506175,-26.48
1699046037.7583687,-26.75
1699046037.7664022,-27.04
1699046037.7730684,-27.44
1699046037.7801123,-27.71
1699046037.788662,-28.1
1699046037.797276,-28.52
1699046037.8050187,-29.05
1699046037.8130598,-29.59
1699046037.8203108,-30.14
1699046037.8291183,-30.81
1699046037.8359153,-31.33
1699046037.8429163,-32.04
1699046037.8510566,-32.64
1699046037.8583858,-33.34
1699046037.8655498,-34.21
1699046037.873122,-35.07
1699046037.8804069,-35.98
1699046037.8872342,-36.96
1699046037.8949149,-37.92
1699046037.9017296,-39.11
1699046037.9090421,-40.12
1699046037.9163349,-41.37
1699046037.9234648,-42.79
1699046037.9311562,-44.15
1699046037.9380777,-45.43
1699046037.9449024,-46.6
1699046037.9520123,-47.75
1699046037.9592576,-48.96
1699046037.9664836,-49.92
1699046037.9741728,-50.96
1699046037.9814336,-52.2
1699046037.9884956,-53.52
1699046037.9959521,-55.13
1699046038.0028868,-57.02
1699046038.0104036,-58.98
1699046038.01758,-60.99
1699046038.0245824,-62.76
1699046038.0321133,-64.53
1699046038.0393815,-66.24
1699046038.0464404,-67.75
1699046038.0537398,-69.09
1699046038.0610452,-70.33
1699046038.0688374,-70.75
1699046038.0760958,-70.83
1699046038.0837536,-70.65
1699046038.0912132,-69.99
1699046038.0982342,-68.77
1699046038.1058943,-66.85
1699046038.1135824,-64.82
1699046038.121158,-63.06
1699046038.1284595,-61.14
1699046038.13544,-58.32
1699046038.142694,-55.94
1699046038.1498394,-53.35
1699046038.1570368,-50.23
1699046038.164574,-47.36
1699046038.1715665,-44.43
1699046038.1792915,-41.68
1699046038.1865132,-39.0
1699046038.194006,-36.55
1699046038.201305,-34.28
1699046038.2083225,-32.25
1699046038.215612,-30.45
1699046038.2227283,-28.7
1699046038.2298949,-27.05
1699046038.2374074,-25.42
1699046038.245181,-23.7
1699046038.2523167,-22.23
1699046038.2590792,-20.82
1699046038.265191,-19.6
1699046038.2729065,-18.4
1699046038.279894,-17.05
1699046038.2866302,-15.89
1699046038.2940984,-14.72
1699046038.301265,-13.49
1699046038.308501,-12.39
1699046038.316864,-11.13
1699046038.3263001,-9.4
1699046038.3363593,-7.8
1699046038.3453045,-6.32
1699046038.3551118,-4.93
1699046038.3642774,-3.62
1699046038.37495,-2.08
1699046038.3837996,-0.89
1699046038.3926544,-0.21
1699046038.4018376,0.29
1699046038.41113,0.53
1699046038.4180262,0.39
1699046038.424806,-0.08
1699046038.4311283,-0.61
1699046038.4371285,-1.35
1699046038.4439538,-2.23
1699046038.4502184,-3.22
1699046038.4569442,-4.39
1699046038.4639013,-5.72
1699046038.4702196,-7.19
1699046038.476428,-8.79
1699046038.4827754,-10.51
1699046038.4893665,-12.33
1699046038.4964461,-14.29
1699046038.5043056,-16.37
1699046038.5110776,-18.44
1699046038.5179665,-20.43
1699046038.5240016,-22.11
1699046038.530486,-22.79
1699046038.5371559,-22.45
1699046038.5440235,-22.01
1699046038.5509188,-21.51
1699046038.5572212,-23.16
1699046038.5633583,-25.08
1699046038.5699253,-26.77
1699046038.5767562,-28.15
1699046038.5833774,-28.72
1699046038.5898654,-28.36
1699046038.5962903,-27.77
1699046038.6027422,-28.06
1699046038.6089447,-28.6
1699046038.6156833,-29.02
1699046038.6220417,-29.43
1699046038.6286404,-29.8
1699046038.6347668,-29.93
1699046038.6414373,-29.9
1699046038.647951,-29.9
1699046038.654921,-29.76
1699046038.661526,-29.81
1699046038.6683817,-29.93
1699046038.6755984,-29.86
1699046038.682236,-29.7
1699046038.6890209,-29.56
1699046038.6955066,-29.4
1699046038.7032464,-29.23
1699046038.711003,-29.06
1699046038.7186546,-28.88
1699046038.726711,-28.69
1699046038.7335985,-28.53
1699046038.7402012,-28.38
1699046038.7466612,-28.21
1699046038.7529907,-28.04
1699046038.7595866,-27.9
1699046038.7661214,-27.78
1699046038.7730637,-27.64
1699046038.7814982,-27.5
1699046038.7888246,-27.36
1699046038.796343,-27.24
1699046038.8041036,-27.14
1699046038.8110487,-27.02
1699046038.8187225,-26.89
1699046038.8254068,-26.82
1699046038.8340347,-26.75
1699046038.8410735,-26.68
1699046038.848961,-26.6
1699046038.8583083,-26.55
1699046038.8660576,-26.48
1699046038.8724685,-26.41
1699046038.8786519,-26.36
1699046038.8847363,-26.31
1699046038.8912315,-26.24
1699046038.8979166,-26.13
1699046038.9046333,-26.05
1699046038.9114413,-25.96
1699046038.9175327,-25.88
1699046038.9240856,-25.84
1699046038.9307408,-25.84
1699046038.9374173,-25.83
1699046038.9438527,-25.84
1699046038.9503124,-25.9
1699046038.956467,-25.96
1699046038.9626532,-26.08
1699046038.9692051,-26.18
1699046038.9757175,-26.33
1699046038.9821992,-26.43
1699046038.9889545,-26.59
1699046038.99536,-26.86
1699046039.0013647,-27.07
1699046039.0076962,-27.37
1699046039.0146916,-27.65
1699046039.0215364,-27.99
1699046039.027671,-28.38
1699046039.033743,-28.78
1699046039.0406785,-29.24
1699046039.0478003,-29.73
1699046039.0546482,-30.31
1699046039.0610137,-31.09
1699046039.067294,-31.7
1699046039.0734794,-32.34
1699046039.0797276,-32.97
1699046039.0867863,-33.85
1699046039.094514,-34.89
1699046039.1015317,-36.05
1699046039.107654,-37.11
1699046039.115032,-38.29
1699046039.121142,-39.42
1699046039.128845,-40.56
1699046039.136134,-42.09
1699046039.1433446,-43.34
1699046039.149952,-44.38
1699046039.1562247,-45.33
1699046039.1628406,-46.05
1699046039.1696825,-46.91
1699046039.1765602,-47.83
1699046039.1831906,-48.71
1699046039.1892896,-49.76
1699046039.196575,-51.14
1699046039.202968,-52.68
1699046039.2103162,-54.35
1699046039.2177746,-56.34
1699046039.2251222,-58.36
1699046039.2323062,-60.31
1699046039.2394943,-62.08
1699046039.245936,-63.76
1699046039.252485,-65.18
1699046039.2589366,-66.47
1699046039.265859,-67.61
1699046039.2724411,-68.01
1699046039.2791755,-68.33
1699046039.2855806,-67.99
1699046039.2923927,-67.1
1699046039.299283,-66.3
1699046039.3059042,-64.28
1699046039.3126497,-63.18
1699046039.3206828,-60.15
1699046039.3272672,-59.19
1699046039.333709,-57.54
1699046039.340314,-55.08
1699046039.3466616,-53.12
1699046039.353119,-50.9
1699046039.3593462,-48.43
1699046039.3654451,-45.92
1699046039.3719058,-43.41
1699046039.3782227,-40.96
1699046039.3844836,-38.64
1699046039.3910046,-36.32
1699046039.3972924,-34.04
1699046039.4033866,-32.12
1699046039.4110308,-30.09
1699046039.4176686,-28.16
1699046039.4257047,-26.24
1699046039.43278,-24.34
1699046039.440899,-22.61
1699046039.4487045,-20.65
1699046039.4560692,-18.9
1699046039.4630427,-17.37
1699046039.4699118,-16.02
1699046039.4780703,-14.64
1699046039.4853568,-13.17
1699046039.4925828,-11.91
1699046039.5002959,-10.62
1699046039.507791,-9.33
1699046039.514957,-8.01
1699046039.521846,-7.04
1699046039.528778,-6.14
1699046039.5396662,-4.47
1699046039.5469196,-3.44
1699046039.5546243,-2.58
1699046039.5616226,-1.73
1699046039.5683663,-1.1
1699046039.5758412,-0.54
1699046039.5832078,0.15
1699046039.5904572,0.74
1699046039.598097,1.24
1699046039.6057534,1.76
1699046039.613166,2.11
1699046039.6205022,2.18
1699046039.628302,2.16
1699046039.6356416,1.81
1699046039.6435943,1.18
1699046039.652166,0.63
1699046039.6594315,-0.37
1699046039.6677113,-1.62
1699046039.6739697,-3.13
1699046039.6813037,-4.92
1699046039.6883411,-6.87
1699046039.6946242,-8.89
1699046039.7008817,-10.99
1699046039.70735,-13.15
1699046039.7138076,-15.36
1699046039.7199721,-17.49
1699046039.72643,-18.88
1699046039.7328362,-19.18
1699046039.7391813,-18.99
1699046039.745699,-18.93
1699046039.75244,-19.65
1699046039.758801,-21.74
1699046039.7652621,-24.12
1699046039.772064,-26.03
1699046039.778609,-27.19
1699046039.785125,-27.85
1699046039.7914414,-28.8
1699046039.7975852,-29.45
1699046039.8058505,-30.27
1699046039.8118827,-30.81
1699046039.8181543,-31.35
1699046039.8248315,-31.71
1699046039.831289,-31.83
1699046039.8377702,-32.0
1699046039.8446891,-31.92
1699046039.8509705,-31.76
1699046039.8572795,-31.92
1699046039.8636703,-31.94
1699046039.8699715,-31.84
1699046039.8762798,-31.66
1699046039.8824105,-31.5
1699046039.8886495,-31.33
1699046039.8949301,-31.17
1699046039.9013216,-31.02
1699046039.9075847,-30.84
1699046039.9147475,-30.68
1699046039.9211855,-30.49
1699046039.9280488,-30.29
1699046039.9354923,-30.07
1699046039.9428551,-29.88
1699046039.9493449,-29.72
1699046039.955481,-29.55
1699046039.962144,-29.38
1699046039.9684198,-29.24
1699046039.9751213,-29.09
1699046039.9835234,-28.97
1699046039.9911091,-28.87
1699046039.997861,-28.8
1699046040.0041568,-28.74
1699046040.0139377,-28.67
1699046040.0224514,-28.57
1699046040.0294743,-28.43
1699046040.0375435,-28.28
1699046040.0455601,-28.17
1699046040.0530596,-28.09
1699046040.060948,-28.01
1699046040.069174,-27.85
1699046040.0763881,-27.75
1699046040.0840352,-27.66
1699046040.0920556,-27.65
1699046040.10014,-27.65
1699046040.1091292,-27.71
1699046040.1161013,-27.77
1699046040.1238625,-27.79
1699046040.1310232,-27.81
1699046040.1392965,-27.84
1699046040.1466799,-27.91
1699046040.1534693,-28.03
1699046040.1605854,-28.1
1699046040.1687074,-28.2
1699046040.1770663,-28.47
1699046040.1845853,-28.76
1699046040.192031,-29.05
1699046040.2000558,-29.42
1699046040.20857,-29.87
1699046040.216184,-30.52
1699046040.2243838,-31.1
1699046040.230682,-31.58
1699046040.2369137,-32.05
1699046040.2430995,-32.54
1699046040.2513828,-33.17
1699046040.2584205,-34.03
1699046040.265774,-34.88
1699046040.2721956,-35.77
1699046040.2785783,-36.57
1699046040.2856314,-37.4
1699046040.2919765,-38.46
1699046040.2982204,-39.49
1699046040.3045402,-40.5
1699046040.3107529,-41.49
1699046040.317177,-42.62
1699046040.3237994,-43.82
1699046040.3303387,-44.94
1699046040.3365965,-45.84
1699046040.342871,-46.57
1699046040.3490932,-47.43
1699046040.3554893,-48.19
1699046040.3618279,-48.93
1699046040.368255,-49.74
1699046040.3743267,-50.53
1699046040.3805823,-51.55
1699046040.386954,-52.86
1699046040.393639,-54.59
1699046040.40028,-56.4
1699046040.4068167,-58.15
1699046040.4132757,-59.83
1699046040.4197025,-61.51
1699046040.4257572,-63.1
1699046040.4319675,-64.48
1699046040.4382496,-65.83
1699046040.4447312,-67.03
1699046040.4516056,-68.3
1699046040.4577234,-69.11
1699046040.4641213,-69.72
1699046040.4711623,-69.54
1699046040.4780848,-68.94
1699046040.4866862,-67.86
1699046040.4943793,-66.57
1699046040.5011158,-65.21
1699046040.508912,-62.03
1699046040.5164428,-60.58
1699046040.524584,-57.97
1699046040.5321398,-55.1
1699046040.5395207,-52.86
1699046040.547696,-50.4
1699046040.5558636,-47.65
1699046040.56379,-44.66
1699046040.571991,-42.07
1699046040.5789769,-39.72
1699046040.5864906,-37.57
1699046040.5942967,-35.27
1699046040.6024718,-33.09
1699046040.6094387,-30.76
1699046040.6168797,-28.96
1699046040.6242762,-26.97
1699046040.6322258,-25.17
1699046040.6400688,-23.39
1699046040.646646,-21.81
1699046040.6535468,-20.52
1699046040.660824,-19.26
1699046040.668559,-17.87
1699046040.67633,-16.49
1699046040.6842265,-15.13
1699046040.6912806,-13.88
1699046040.698032,-12.85
1699046040.7050524,-11.91
1699046040.7127428,-10.88
1699046040.7203367,-9.77
1699046040.7281358,-8.68
1699046040.7356646,-7.61
1699046040.7436035,-6.66
1699046040.7512627,-5.55
1699046040.7593937,-4.61
1699046040.7676003,-3.43
1699046040.7737894,-2.49
1699046040.780171,-2.03
1699046040.7863674,-1.58
1699046040.7945075,-1.14
1699046040.802589,-0.52
1699046040.809892,-0.26
1699046040.816604,-0.45
1699046040.823229,-1.0
1699046040.8302925,-1.77
1699046040.8376386,-2.82
1699046040.8454328,-4.09
1699046040.8531134,-5.68
1699046040.860631,-7.59
1699046040.868018,-9.79
1699046040.8754137,-12.08
1699046040.8818955,-14.36
1699046040.8879871,-16.5
1699046040.8960614,-18.3
1699046040.9029417,-19.14
1699046040.9098792,-18.77
1699046040.916753,-18.51
1699046040.9236348,-18.14
1699046040.930404,-20.42
1699046040.9383228,-22.96
1699046040.945499,-25.46
1699046040.9533978,-27.01
1699046040.9610388,-27.98
1699046040.9678519,-28.42
1699046040.975202,-28.47
1699046040.9827085,-29.17
1699046040.9904134,-29.82
1699046040.9974144,-30.42
1699046041.0056856,-30.74
1699046041.014096,-30.7
1699046041.0204408,-30.85
1699046041.0270607,-30.68
1699046041.033522,-30.51
1699046041.0401595,-30.55
1699046041.0470748,-30.46
1699046041.0531456,-30.37
1699046041.0596287,-30.2
1699046041.0657666,-30.01
1699046041.0725954,-29.79
1699046041.0801609,-29.6
1699046041.0872626,-29.44
1699046041.094196,-29.28
1699046041.100428,-29.12
1699046041.10643,-28.97
1699046041.1131246,-28.82
1699046041.119252,-28.67
1699046041.1254666,-28.54
1699046041.1319494,-28.38
1699046041.1386209,-28.25
1699046041.1467862,-28.14
1699046041.1530156,-28.05
1699046041.1600788,-27.97
1699046041.1664424,-27.92
1699046041.174034,-27.9
1699046041.18239,-27.91
1699046041.188954,-27.91
1699046041.1953697,-27.9
1699046041.2024684,-27.93
1699046041.2099445,-27.85
1699046041.218226,-27.83
1699046041.2261198,-27.93
1699046041.2332277,-28.05
1699046041.2421167,-28.13
1699046041.2507336,-28.23
1699046041.2580245,-28.28
1699046041.2645278,-28.34
1699046041.2717435,-28.43
1699046041.2779405,-28.5
1699046041.28652,-28.61
1699046041.293923,-28.86
1699046041.300239,-29.08
1699046041.3081949,-29.24
1699046041.3155644,-29.43
1699046041.323061,-29.61
1699046041.3310218,-29.79
1699046041.3391821,-30.07
1699046041.3479059,-30.33
1699046041.355048,-30.7
1699046041.361992,-30.98
1699046041.3707392,-31.33
1699046041.3786976,-31.84
1699046041.3852348,-32.33
1699046041.3923645,-32.7
1699046041.400942,-33.31
1699046041.407627,-33.9
1699046041.414585,-34.46
1699046041.4226089,-35.22
1699046041.43013,-36.18
1699046041.4373708,-37.03
1699046041.4449737,-38.08
1699046041.4525504,-39.05
1699046041.4607253,-40.26
1699046041.46802,-41.65
1699046041.474145,-42.97
1699046041.48064,-43.88
1699046041.4878807,-45.06
1699046041.4943144,-46.1
1699046041.5007699,-46.91
1699046041.5110161,-48.52
1699046041.5176032,-49.24
1699046041.5262465,-50.13
1699046041.5341582,-51.21
1699046041.5403488,-52.54
1699046041.546496,-53.94
1699046041.5534997,-55.68
1699046041.5600731,-57.39
1699046041.566168,-59.03
1699046041.5727184,-60.55
1699046041.5798345,-62.18
1699046041.5869405,-63.79
1699046041.593405,-65.07
1699046041.599621,-66.25
1699046041.6061668,-67.26
1699046041.6130526,-67.84
1699046041.6198294,-67.99
1699046041.6261282,-67.45
1699046041.6330452,-66.69
1699046041.639356,-65.23
1699046041.646401,-63.78
1699046041.6525977,-60.7
1699046041.6585789,-59.46
1699046041.6650639,-57.97
1699046041.671747,-54.94
1699046041.6781445,-52.07
1699046041.6848228,-49.97
1699046041.6912723,-47.36
1699046041.69837,-44.59
1699046041.704695,-41.96
1699046041.7111745,-39.62
1699046041.7180314,-37.27
1699046041.7244983,-34.83
1699046041.7306173,-32.46
1699046041.7367797,-30.38
1699046041.7431142,-28.68
1699046041.749906,-27.02
1699046041.7563925,-25.49
1699046041.7632918,-23.97
1699046041.7701342,-22.42
1699046041.7763383,-21.07
1699046041.7826867,-19.84
1699046041.7888374,-18.6
1699046041.795288,-17.55
1699046041.802351,-16.33
1699046041.810436,-14.99
1699046041.8181484,-13.55
1699046041.8250682,-12.5
1699046041.832011,-11.38
1699046041.838249,-10.41
1699046041.8448853,-9.58
1699046041.8516884,-8.67
1699046041.8591874,-7.6
1699046041.8656442,-6.57
1699046041.872393,-5.71
1699046041.8799853,-4.87
1699046041.8875012,-3.92
1699046041.893688,-2.96
1699046041.8998845,-2.36
1699046041.9060001,-1.82
1699046041.9133258,-1.24
1699046041.9207044,-0.45
1699046041.9273434,0.17
1699046041.9343498,0.58
1699046041.9405837,0.97
1699046041.947193,1.17
1699046041.954159,1.28
1699046041.9608085,1.13
1699046041.9676178,0.67
1699046041.9738657,-0.17
1699046041.9800844,-1.41
1699046041.9875247,-2.94
1699046041.9944017,-4.75
1699046042.0008886,-6.89
1699046042.0081632,-9.3
1699046042.0144641,-12.04
1699046042.0208576,-14.88
1699046042.0274649,-17.74
1699046042.0339622,-20.42
1699046042.0403242,-21.75
1699046042.0472472,-21.95
1699046042.0534022,-22.15
1699046042.0604138,-21.86
1699046042.0669558,-23.28
1699046042.072965,-25.68
1699046042.079417,-27.8
1699046042.0860493,-28.89
1699046042.092382,-29.58
1699046042.0986006,-30.52
1699046042.1058352,-31.49
1699046042.1122856,-32.05
1699046042.1183224,-32.32
1699046042.1246872,-32.45
1699046042.1315143,-32.75
1699046042.1379867,-33.26
1699046042.1444275,-33.36
1699046042.1511002,-33.52
1699046042.157369,-33.73
1699046042.164176,-33.46
1699046042.1712694,-33.59
1699046042.177751,-33.49
1699046042.1855237,-33.3
1699046042.1917071,-33.09
1699046042.1981156,-32.91
1699046042.2044709,-32.66
1699046042.211206,-32.46
1699046042.2179322,-32.26
1699046042.2244072,-32.03
1699046042.23052,-31.82
1699046042.2368112,-31.58
1699046042.243506,-31.38
1699046042.2502403,-31.18
1699046042.256947,-30.98
1699046042.2653341,-30.84
1699046042.2735395,-30.66
1699046042.2843506,-30.56
1699046042.2910504,-30.4
1699046042.2978156,-30.24
1699046042.3047402,-30.13
1699046042.3115742,-30.01
1699046042.3188505,-29.88
1699046042.3252194,-29.78
1699046042.3315868,-29.69
1699046042.3381426,-29.68
1699046042.3441675,-29.5
1699046042.3507342,-29.39
1699046042.3573503,-29.36
1699046042.3643644,-29.33
1699046042.3704321,-29.34
1699046042.376554,-29.35
1699046042.3828158,-29.35
1699046042.3893285,-29.35
1699046042.395878,-29.3
1699046042.402422,-29.24
1699046042.4093494,-29.23
1699046042.4155583,-29.21
1699046042.421779,-29.14
1699046042.4280457,-29.16
1699046042.434435,-29.17
1699046042.4420724,-29.2
1699046042.4494262,-29.28
1699046042.4558673,-29.39
1699046042.4620206,-29.48
1699046042.4683483,-29.51
1699046042.476793,-29.68
1699046042.483004,-29.87
1699046042.489359,-30.08
1699046042.495752,-30.32
1699046042.5040658,-30.62
1699046042.5104427,-30.93
1699046042.5167017,-31.25
1699046042.5229926,-31.57
1699046042.529293,-31.92
1699046042.5358531,-32.33
1699046042.5420763,-32.8
1699046042.5487554,-33.32
1699046042.5552635,-33.92
1699046042.5615664,-34.6
1699046042.5683458,-35.34
1699046042.5747597,-36.07
1699046042.5812218,-36.92
1699046042.587651,-37.82
1699046042.5941496,-38.81
1699046042.600485,-39.89
1699046042.6074,-41.15
1699046042.614972,-42.26
1699046042.6229753,-43.53
1699046042.6315112,-44.94
1699046042.6380982,-45.96
1699046042.6443758,-46.69
1699046042.650489,-47.21
1699046042.6566098,-47.77
1699046042.6629395,-48.38
1699046042.6693573,-49.22
1699046042.6763113,-50.52
1699046042.6832254,-52.25
1699046042.6893415,-54.1
1699046042.6966512,-55.69
1699046042.7037559,-57.51
1699046042.712581,-59.36
1699046042.721047,-61.38
1699046042.729956,-63.23
1699046042.7367268,-64.94
1699046042.7439008,-65.97
1699046042.751718,-66.18
1699046042.7591376,-65.98
1699046042.7654924,-65.35
1699046042.7716668,-64.25
1699046042.7809017,-62.98
1699046042.7884502,-60.09
1699046042.7957063,-58.86
1699046042.8046167,-56.37
1699046042.8127367,-53.12
1699046042.8211322,-50.56
1699046042.8281124,-47.73
1699046042.8359113,-45.04
1699046042.8439045,-42.0
1699046042.8510463,-39.18
1699046042.8587008,-36.42
1699046042.8679469,-33.56
1699046042.8752623,-30.72
1699046042.8828773,-28.72
1699046042.8900106,-26.71
1699046042.8980792,-24.82
1699046042.9062927,-22.72
1699046042.9153492,-20.81
1699046042.922837,-18.76
1699046042.9297092,-17.23
1699046042.9365337,-15.93
1699046042.9436014,-14.62
1699046042.9506683,-13.32
1699046042.9598246,-11.92
1699046042.9678552,-10.13
1699046042.974921,-8.59
1699046042.981082,-7.56
1699046042.9872448,-6.67
1699046042.993424,-5.81
1699046042.9997292,-4.98
1699046043.006785,-4.18
1699046043.0130386,-3.25
1699046043.020216,-2.51
1699046043.0268722,-1.62
1699046043.0341747,-0.88
1699046043.0412045,-0.16
1699046043.04888,0.54
1699046043.0561664,1.26
1699046043.0634038,1.86
1699046043.070455,2.48
1699046043.0776289,2.75
1699046043.084951,3.0
1699046043.092866,3.01
1699046043.1009128,2.76
1699046043.1080015,2.1
1699046043.1153324,0.91
1699046043.1224542,-0.62
1699046043.129114,-2.57
1699046043.1359396,-4.84
1699046043.1436005,-7.45
1699046043.1504784,-10.34
1699046043.1578057,-13.13
1699046043.1659007,-15.86
1699046043.173449,-18.49
1699046043.180691,-20.54
1699046043.1880589,-20.94
1699046043.1955073,-21.28
1699046043.2019365,-21.74
1699046043.208986,-23.59
1699046043.2156284,-25.99
1699046043.2221534,-27.98
1699046043.2285573,-29.39
1699046043.2351353,-29.59
1699046043.2423434,-29.95
1699046043.2483425,-30.22
1699046043.2547202,-30.88
1699046043.260868,-31.69
1699046043.2670295,-31.43
1699046043.2732255,-31.36
1699046043.279792,-31.47
1699046043.2863548,-31.3
1699046043.2939978,-30.94
1699046043.3014412,-30.6
1699046043.3078067,-30.46
1699046043.314237,-30.43
1699046043.320548,-30.26
1699046043.3276653,-30.04
1699046043.335082,-29.81
1699046043.341853,-29.61
1699046043.3482656,-29.41
1699046043.3544614,-29.19
1699046043.3610194,-29.02
1699046043.367373,-28.88
1699046043.3737378,-28.72
1699046043.3808947,-28.56
1699046043.3877454,-28.41
1699046043.394845,-28.27
1699046043.4019907,-28.12
1699046043.4082084,-27.97
1699046043.4165728,-27.84
1699046043.4252071,-27.73
1699046043.4337559,-27.55
1699046043.4424593,-27.45
1699046043.4515138,-27.43
1699046043.4606955,-27.39
1699046043.4693987,-27.41
1699046043.4785013,-27.45
1699046043.4874516,-27.55
1699046043.4965022,-27.68
1699046043.5059817,-27.83
1699046043.515015,-28.0
1699046043.5213473,-28.04
1699046043.5304205,-28.17
1699046043.5414224,-28.36
1699046043.5485022,-28.51
1699046043.5551505,-28.58
1699046043.5618522,-28.69
1699046043.5681338,-28.83
1699046043.574801,-28.95
1699046043.5838907,-29.3
1699046043.5901258,-29.52
1699046043.5963116,-29.71
1699046043.6026652,-29.93
1699046043.6088169,-30.12
1699046043.6156874,-30.31
1699046043.622131,-30.66
1699046043.628599,-30.93
1699046043.6359293,-31.31
1699046043.6427662,-31.75
1699046043.6496081,-32.18
1699046043.656127,-32.64
1699046043.6629813,-33.17
1699046043.6694958,-33.7
1699046043.6763802,-34.26
1699046043.6869688,-35.11
1699046043.693137,-36.22
1699046043.7006392,-36.93
1699046043.708472,-37.85
1699046043.7155817,-39.06
1699046043.7228367,-40.2
1699046043.7300034,-41.47
1699046043.7365272,-42.62
1699046043.7428546,-43.77
1699046043.7497146,-44.86
1699046043.7559412,-45.76
1699046043.7630541,-46.71
1699046043.7696052,-47.81
1699046043.7755547,-48.46
1699046043.7815683,-49.03
1699046043.7880495,-49.54
1699046043.7942948,-50.17
1699046043.801011,-50.96
1699046043.809462,-52.22
1699046043.8183672,-54.85
1699046043.8244178,-56.44
1699046043.83072,-57.95
1699046043.837255,-59.48
1699046043.843879,-61.06
1699046043.8503356,-62.46
1699046043.8591301,-63.81
1699046043.8664243,-65.34
1699046043.8741288,-66.46
1699046043.8814743,-67.27
1699046043.889524,-67.3
1699046043.8965116,-66.84
1699046043.9042282,-66.0
1699046043.912816,-64.84
1699046043.919769,-62.69
1699046043.926042,-61.37
1699046043.9323285,-59.3
1699046043.9390647,-56.18
1699046043.9453082,-54.08
1699046043.9516604,-51.83
1699046043.9588754,-49.2
1699046043.9684796,-45.84
1699046043.9764218,-43.07
1699046043.983264,-40.46
1699046043.9897025,-38.18
1699046043.998181,-35.8
1699046044.0060816,-33.65
1699046044.0141618,-31.4
1699046044.021942,-29.41
1699046044.0298305,-27.39
1699046044.0369325,-25.43
1699046044.0450733,-23.71
1699046044.0531614,-21.8
1699046044.0612388,-20.08
1699046044.0691314,-18.53
1699046044.0762222,-17.06
1699046044.083292,-15.86
1699046044.0909631,-14.65
1699046044.097993,-13.4
1699046044.105639,-12.3
1699046044.113476,-11.1
1699046044.1210203,-9.93
1699046044.12804,-8.96
1699046044.135747,-8.13
1699046044.1436257,-7.08
1699046044.152776,-6.1
1699046044.1599636,-4.88
1699046044.16713,-4.08
1699046044.1749086,-3.33
1699046044.1823938,-2.74
1699046044.1903796,-2.03
1699046044.1986723,-1.56
1699046044.2066946,-1.15
1699046044.213359,-0.99
1699046044.221365,-1.16
1699046044.229474,-1.44
1699046044.2375705,-1.9
1699046044.2448182,-2.74
1699046044.2519574,-4.05
1699046044.2607577,-5.65
1699046044.2687209,-7.49
1699046044.276722,-9.5
1699046044.284581,-11.73
1699046044.2912405,-14.05
1699046044.2989173,-15.7
1699046044.305907,-15.89
1699046044.3136642,-16.13
1699046044.3225021,-16.79
1699046044.3313994,-19.31
1699046044.338332,-21.81
1699046044.34633,-23.37
1699046044.3532324,-24.41
1699046044.3608377,-25.09
1699046044.3689306,-25.59
1699046044.3769078,-26.51
1699046044.3842807,-27.31
1699046044.391524,-27.81
1699046044.3991337,-27.78
1699046044.4067252,-27.94
1699046044.4148457,-27.83
1699046044.4218135,-27.84
1699046044.4285219,-27.67
1699046044.4357789,-27.49
1699046044.4435346,-27.36
1699046044.4498248,-27.24
1699046044.4563296,-27.02
1699046044.462995,-26.85
1699046044.4694092,-26.68
1699046044.4753993,-26.57
1699046044.481812,-26.44
1699046044.488907,-26.29
1699046044.4997241,-26.16
1699046044.5078037,-26.03
1699046044.5153818,-25.95
1699046044.5227768,-25.84
1699046044.5295115,-25.75
1699046044.5372987,-25.68
1699046044.5442765,-25.59
1699046044.5520978,-25.51
1699046044.5597389,-25.46
1699046044.5680885,-25.43
1699046044.5753295,-25.43
1699046044.582054,-25.42
1699046044.5888786,-25.42
1699046044.596665,-25.43
1699046044.6054173,-25.45
1699046044.6141822,-25.5
1699046044.6213398,-25.53
1699046044.6290169,-25.52
1699046044.636368,-25.54
1699046044.6484165,-25.67
1699046044.655659,-25.72
1699046044.6637504,-25.76
1699046044.6710973,-25.79
1699046044.6796012,-25.94
1699046044.686657,-26.06
1699046044.694199,-26.12
1699046044.7026858,-26.26
1699046044.709994,-26.4
1699046044.7205806,-26.7
1699046044.7287238,-26.84
1699046044.7362416,-26.99
1699046044.7437224,-27.19
1699046044.7518392,-27.44
1699046044.7581222,-27.81
1699046044.7650661,-28.05
1699046044.7715695,-28.39
1699046044.777621,-28.75
1699046044.7847528,-29.14
1699046044.7920756,-29.64
1699046044.799483,-30.19
1699046044.8058329,-30.73
1699046044.8125992,-31.28
1699046044.819273,-31.95
1699046044.8277175,-32.71
1699046044.83679,-33.7
1699046044.8439271,-34.89
1699046044.8513691,-35.95
1699046044.8585098,-37.12
1699046044.865873,-38.26
1699046044.8738265,-39.56
1699046044.8812137,-41.05
1699046044.8885233,-42.31
1699046044.8957381,-43.43
1699046044.9037342,-44.62
1699046044.9110577,-45.8
1699046044.919046,-46.74
1699046044.9273777,-47.78
1699046044.9346657,-48.96
1699046044.9408514,-50.18
1699046044.9473221,-51.37
1699046044.9536862,-53.12
1699046044.960313,-54.71
1699046044.966469,-56.45
1699046044.972682,-58.04
1699046044.9790857,-59.61
1699046044.9853582,-61.06
1699046044.9917293,-62.36
1699046044.9980643,-63.59
1699046045.0070374,-64.93
1699046045.0137613,-65.86
1699046045.0216465,-65.86
1699046045.0303428,-65.79
1699046045.038618,-64.98
1699046045.0457573,-63.19
1699046045.052146,-60.66
1699046045.058512,-59.29
1699046045.0673423,-57.69
1699046045.074495,-54.43
1699046045.0815086,-51.99
1699046045.0877347,-49.66
1699046045.0936966,-46.93
1699046045.100281,-44.27
1699046045.107255,-41.55
1699046045.113804,-38.68
1699046045.1200225,-36.05
1699046045.126339,-33.61
1699046045.135088,-30.99
1699046045.1416101,-28.19
1699046045.1483989,-26.19
1699046045.1551883,-24.39
1699046045.1614661,-22.72
1699046045.1679604,-21.19
1699046045.1744869,-19.65
1699046045.1805897,-18.39
1699046045.1871839,-17.24
1699046045.1936977,-15.99
1699046045.2007875,-14.88
1699046045.2069633,-13.64
1699046045.2131877,-12.64
1699046045.21962,-11.62
1699046045.2266111,-10.54
1699046045.232779,-9.57
1699046045.239136,-8.71
1699046045.245461,-7.85
1699046045.251599,-6.98
1699046045.2580884,-6.21
1699046045.2641666,-5.35
1699046045.2703636,-4.61
1699046045.2766519,-3.83
1699046045.2828755,-3.13
1699046045.289132,-2.43
1699046045.2955408,-1.76
1699046045.3022249,-1.08
1699046045.3086102,-0.35
1699046045.3147752,0.11
1699046045.3212,0.55
1699046045.3282268,1.12
1699046045.334665,1.64
1699046045.3430412,2.37
1699046045.350143,2.62
1699046045.3564498,2.8
1699046045.3634524,2.49
1699046045.370359,2.1
1699046045.3767917,1.36
1699046045.3847063,0.44
1699046045.3908947,-0.97
1699046045.3972378,-2.6
1699046045.4037864,-4.44
1699046045.4103565,-6.5
1699046045.4179375,-8.69
1699046045.4253974,-11.09
1699046045.4321096,-13.57
1699046045.4381144,-16.0
1699046045.4442534,-17.93
1699046045.4512362,-18.77
1699046045.4574046,-18.65
1699046045.4641209,-18.67
1699046045.4704516,-18.82
1699046045.4780505,-21.02
1699046045.4842136,-23.54
1699046045.4901862,-25.51
1699046045.4962869,-26.95
1699046045.5031738,-27.51
1699046045.509409,-27.37
1699046045.516149,-27.53
1699046045.5229068,-28.12
1699046045.530425,-28.78
1699046045.5364997,-29.28
1699046045.5430741,-29.74
1699046045.5493948,-30.06
1699046045.5561767,-30.22
1699046045.5635056,-29.93
1699046045.5703135,-29.7
1699046045.5772178,-29.63
1699046045.5834715,-29.66
1699046045.59022,-29.5
1699046045.597068,-29.29
1699046045.6046262,-29.09
1699046045.6109343,-28.94
1699046045.6180987,-28.79
1699046045.6263463,-28.68
1699046045.6324725,-28.54
1699046045.6397715,-28.39
1699046045.6469035,-28.25
1699046045.6540852,-28.13
1699046045.661747,-28.02
1699046045.669133,-27.92
1699046045.6763241,-27.81
1699046045.6834934,-27.74
1699046045.6917589,-27.65
1699046045.6990674,-27.61
1699046045.7066562,-27.58
1699046045.7137387,-27.56
1699046045.7209196,-27.53
1699046045.7286947,-27.51
1699046045.735455,-27.56
1699046045.743118,-27.49
1699046045.7500677,-27.49
1699046045.7571857,-27.57
1699046045.764331,-27.67
1699046045.7715008,-27.74
1699046045.7788255,-27.81
1699046045.7858098,-27.87
1699046045.7932081,-27.94
1699046045.800732,-27.99
1699046045.8081427,-28.06
1699046045.8148644,-28.18
1699046045.822096,-28.31
1699046045.8292496,-28.43
1699046045.8368015,-28.6
1699046045.8439631,-28.76
1699046045.851461,-28.94
1699046045.8591464,-29.15
1699046045.8660889,-29.41
1699046045.873116,-29.68
1699046045.880768,-29.95
1699046045.8884056,-30.32
1699046045.8962626,-30.7
1699046045.9039438,-31.15
1699046045.9111917,-31.63
1699046045.9184725,-32.14
1699046045.9256568,-32.67
1699046045.93276,-33.2
1699046045.9406781,-33.83
1699046045.9484234,-34.63
1699046045.9557605,-35.4
1699046045.9637392,-36.2
1699046045.9704578,-37.22
1699046045.977474,-38.18
1699046045.984505,-39.12
1699046045.9914892,-40.25
1699046045.9989936,-41.57
1699046046.0062735,-42.87
1699046046.0149739,-44.2
1699046046.0222154,-45.6
1699046046.029204,-46.59
1699046046.037285,-47.45
1699046046.0456066,-48.49
1699046046.0531406,-49.66
1699046046.0604885,-50.75
1699046046.0683746,-52.26
1699046046.0754125,-53.91
1699046046.0827441,-56.15
1699046046.0901608,-57.86
1699046046.0971777,-59.69
1699046046.103798,-61.4
1699046046.1098535,-62.86
1699046046.1161485,-64.15
1699046046.123219,-65.38
1699046046.1296759,-66.63
1699046046.1372542,-68.03
1699046046.1440923,-68.71
1699046046.1507106,-68.54
1699046046.1570518,-67.73
1699046046.1634233,-66.73
1699046046.1701472,-65.54
1699046046.1765544,-64.57
1699046046.1829515,-60.93
1699046046.1898131,-59.14
1699046046.1961324,-57.46
1699046046.2024446,-54.31
1699046046.2092693,-51.52
1699046046.2157984,-49.22
1699046046.2235172,-45.83
1699046046.2306,-42.57
1699046046.23797,-39.68
1699046046.2471485,-37.1
1699046046.2552302,-34.63
1699046046.2622619,-32.42
1699046046.270288,-30.47
1699046046.2789223,-28.41
1699046046.2880213,-26.38
1699046046.2951932,-24.53
1699046046.3032312,-23.11
1699046046.3109171,-21.46
1699046046.3191175,-19.99
1699046046.3278432,-18.38
1699046046.335082,-16.95
1699046046.3438904,-15.23
1699046046.3499694,-14.24
1699046046.3565173,-13.4
1699046046.3629994,-12.54
1699046046.3697288,-11.66
1699046046.3757944,-10.76
1699046046.3820875,-10.01
1699046046.3884873,-9.25
1699046046.394794,-8.5
1699046046.4018586,-7.82
1699046046.4107263,-6.96
1699046046.4169104,-5.67
1699046046.4232883,-5.07
1699046046.4298396,-4.5
1699046046.436203,-3.94
1699046046.4423993,-3.47
1699046046.4483728,-3.11
1699046046.4547608,-2.83
1699046046.460861,-2.54
1699046046.467363,-2.46
1699046046.4742136,-2.51
1699046046.4811583,-2.73
1699046046.487917,-3.07
1699046046.4943898,-3.8
1699046046.5012991,-4.62
1699046046.5077288,-5.53
1699046046.5145004,-6.68
1699046046.5209763,-7.98
1699046046.5274494,-9.53
1699046046.5336723,-11.22
1699046046.5399218,-13.07
1699046046.5468469,-15.01
1699046046.5537617,-17.08
1699046046.5601673,-19.18
1699046046.5677648,-20.41
1699046046.5743947,-20.5
1699046046.580831,-20.67
1699046046.588852,-21.98
1699046046.596018,-24.03
1699046046.6033082,-26.13
1699046046.6109586,-27.69
1699046046.6185665,-28.87
1699046046.6253753,-29.5
1699046046.632734,-29.59
1699046046.6398437,-29.95
1699046046.6470883,-30.49
1699046046.654811,-31.17
1699046046.6619937,-31.63
1699046046.6692185,-31.59
1699046046.6760268,-31.71
1699046046.6829548,-31.68
1699046046.690318,-31.52
1699046046.69789,-31.41
1699046046.7051363,-31.3
1699046046.7124255,-31.18
1699046046.7199597,-31.09
1699046046.7270389,-30.94
1699046046.7342827,-30.76
1699046046.7406204,-30.55
1699046046.7475278,-30.38
1699046046.75468,-30.18
1699046046.7609508,-29.96
1699046046.7672906,-29.75
1699046046.7736666,-29.59
1699046046.7800615,-29.45
1699046046.7872612,-29.33
1699046046.7937517,-29.17
1699046046.8006482,-29.02
1699046046.8073058,-28.84
1699046046.8133328,-28.67
1699046046.8194196,-28.52
1699046046.825941,-28.37
1699046046.8320856,-28.23
1699046046.8383784,-28.11
1699046046.8445659,-27.99
1699046046.8510997,-27.88
1699046046.857739,-27.78
1699046046.8674424,-27.71
1699046046.8795424,-27.67
1699046046.8879204,-27.62
1699046046.8965404,-27.58
1699046046.9054234,-27.46
1699046046.9127731,-27.48
1699046046.9190145,-27.42
1699046046.9252088,-27.38
1699046046.9326327,-27.31
1699046046.9397361,-27.25
1699046046.9473717,-27.25
1699046046.9550471,-27.25
1699046046.9633482,-27.25
1699046046.970507,-27.33
1699046046.9781005,-27.4
1699046046.9851315,-27.54
1699046046.9926198,-27.64
1699046047.0006905,-27.77
1699046047.0084858,-28.02
1699046047.0157769,-28.23
1699046047.0225687,-28.45
1699046047.0296118,-28.68
1699046047.037722,-29.0
1699046047.0453944,-29.42
1699046047.0532737,-29.81
1699046047.0616977,-30.35
1699046047.067908,-30.92
1699046047.0750587,-31.43
1699046047.0814168,-32.07
1699046047.0874143,-32.7
1699046047.0942297,-33.34
1699046047.1010227,-34.13
1699046047.1079352,-34.97
1699046047.115014,-35.87
1699046047.1214812,-37.04
1699046047.1286626,-38.01
1699046047.1353579,-39.39
1699046047.1418226,-40.59
1699046047.1485004,-41.65
1699046047.1559255,-42.63
1699046047.162216,-43.7
1699046047.1690462,-44.52
1699046047.1752868,-45.38
1699046047.1819284,-45.94
1699046047.1889803,-46.48
1699046047.195752,-47.36
1699046047.203956,-48.4
1699046047.2114859,-50.47
1699046047.21852,-51.99
1699046047.225793,-53.97
1699046047.233476,-55.69
1699046047.2405727,-57.65
1699046047.2481377,-59.38
1699046047.255733,-61.02
1699046047.2638085,-62.83
1699046047.2709808,-64.11
1699046047.278902,-64.45
1699046047.2864323,-64.6
1699046047.294597,-63.74
1699046047.3016548,-62.56
1699046047.3076565,-61.27
1699046047.3138344,-58.09
1699046047.3204913,-57.06
1699046047.326823,-55.44
1699046047.3330402,-52.06
1699046047.339559,-49.26
1699046047.3470764,-47.1
1699046047.3534727,-44.21
1699046047.360255,-41.49
1699046047.3666632,-38.82
1699046047.3750472,-36.15
1699046047.3830361,-33.45
1699046047.3894248,-30.82
1699046047.3963387,-28.7
1699046047.402394,-26.63
1699046047.4085453,-24.95
1699046047.414939,-23.36
1699046047.4211745,-21.69
1699046047.4275277,-20.08
1699046047.4338076,-18.51
1699046047.4407325,-16.85
1699046047.4475405,-15.43
1699046047.4555006,-13.95
1699046047.4617875,-12.46
1699046047.4704,-11.1
1699046047.4782424,-9.57
1699046047.4847317,-8.23
1699046047.4914868,-7.19
1699046047.4975827,-6.17
1699046047.5058963,-5.14
1699046047.5134394,-4.04
1699046047.5202184,-3.04
1699046047.5264938,-2.37
1699046047.5335171,-1.78
1699046047.5417402,-0.88
1699046047.548766,-0.16
1699046047.5564349,0.47
1699046047.5640323,1.17
1699046047.5724163,1.88
1699046047.579891,2.75
1699046047.5870223,3.37
1699046047.5956233,3.86
1699046047.6031618,4.47
1699046047.6109831,4.75
1699046047.6185591,4.73
1699046047.6253135,4.26
1699046047.6326685,3.24
1699046047.6398807,1.91
1699046047.647094,0.21
1699046047.6535058,-1.77
1699046047.6598027,-3.94
1699046047.6665807,-6.2
1699046047.6732347,-8.6
1699046047.6793141,-11.05
1699046047.6855454,-13.39
1699046047.691679,-14.23
1699046047.6980956,-14.03
1699046047.7049198,-14.16
1699046047.7114549,-14.43
1699046047.7179055,-16.73
1699046047.724143,-19.23
1699046047.7303824,-21.45
1699046047.7370958,-22.99
1699046047.743789,-24.03
1699046047.7501192,-25.15
1699046047.7566895,-25.59
1699046047.763529,-25.96
1699046047.7695804,-26.58
1699046047.7757268,-27.34
1699046047.783222,-28.11
1699046047.7920358,-28.35
1699046047.7999718,-28.71
1699046047.80596,-28.84
1699046047.8123417,-28.69
1699046047.818586,-28.69
1699046047.8264618,-28.7
1699046047.8341284,-28.63
1699046047.8407629,-28.44
1699046047.8472419,-28.22
1699046047.8536797,-28.04
1699046047.8597822,-27.87
1699046047.8671598,-27.72
1699046047.8748717,-27.62
1699046047.882093,-27.5
1699046047.8886607,-27.37
1699046047.8950243,-27.28
1699046047.9029016,-27.17
1699046047.9103596,-27.11
1699046047.9177449,-27.01
1699046047.924165,-26.91
1699046047.9304538,-26.76
1699046047.9370906,-26.65
1699046047.9444187,-26.55
1699046047.9517653,-26.46
1699046047.958224,-26.36
1699046047.9644206,-26.27
1699046047.9711719,-26.19
1699046047.9777248,-26.13
1699046047.9840524,-26.09
1699046047.9914918,-26.02
1699046047.9987175,-25.98
1699046048.005807,-25.93
1699046048.0122519,-25.92
1699046048.0185223,-25.88
1699046048.0283098,-25.86
1699046048.0358052,-25.9
1699046048.043682,-25.92
1699046048.0510123,-25.99
1699046048.0587306,-26.04
1699046048.0666049,-26.08
1699046048.073927,-26.13
1699046048.081779,-26.21
1699046048.0880597,-26.34
1699046048.0941598,-26.4
1699046048.1001673,-26.58
1699046048.1076171,-26.69
1699046048.1138985,-26.81
1699046048.1204593,-26.91
1699046048.126903,-27.05
1699046048.133923,-27.29
1699046048.1400816,-27.57
1699046048.1467438,-27.82
1699046048.1534677,-28.18
1699046048.1596413,-28.62
1699046048.1663477,-29.01
1699046048.1727946,-29.52
1699046048.181645,-30.13
1699046048.1892395,-30.84
1699046048.196597,-31.61
1699046048.204605,-32.41
1699046048.2122886,-33.35
1699046048.2189238,-34.3
1699046048.2255375,-35.22
1699046048.2317333,-36.15
1699046048.2381666,-37.04
1699046048.2446883,-38.07
1699046048.2518032,-39.14
1699046048.2581272,-40.5
1699046048.264738,-41.63
1699046048.2723167,-42.7
1699046048.279292,-43.79
1699046048.286259,-44.71
1699046048.2945886,-45.64
1699046048.3020499,-46.56
1699046048.3098993,-47.21
1699046048.3159258,-48.19
1699046048.3219504,-49.2
1699046048.3288867,-50.68
1699046048.3360107,-53.03
1699046048.342259,-54.51
1699046048.3492265,-56.07
1699046048.3569038,-57.78
1699046048.3644218,-59.52
1699046048.3723319,-61.14
1699046048.3792758,-62.73
1699046048.38606,-64.14
1699046048.3933477,-65.11
1699046048.4008014,-65.21
1699046048.408731,-64.23
1699046048.4158707,-62.88
1699046048.4224334,-60.14
1699046048.4303792,-58.59
1699046048.4374597,-56.66
1699046048.4450881,-52.89
1699046048.4541895,-50.14
1699046048.46126,-47.0
1699046048.4682066,-43.93
1699046048.4760542,-40.89
1699046048.4832249,-38.29
1699046048.4903321,-36.03
1699046048.4970284,-34.03
1699046048.5035543,-32.15
1699046048.5101666,-30.47
1699046048.5165584,-28.76
1699046048.5231483,-27.28
1699046048.529962,-25.81
1699046048.5366395,-24.37
1699046048.5435727,-23.08
1699046048.5499268,-21.79
1699046048.5561774,-20.73
1699046048.5630014,-19.65
1699046048.5700688,-18.55
1699046048.5771124,-17.28
1699046048.5837765,-16.23
1699046048.5899637,-15.34
1699046048.5969357,-14.43
1699046048.6037345,-13.28
1699046048.6099167,-12.36
1699046048.617016,-11.44
1699046048.6242487,-10.32
1699046048.632589,-9.16
1699046048.6393313,-7.87
1699046048.645353,-7.14
1699046048.6516743,-6.46
1699046048.6579933,-5.73
1699046048.6649241,-5.06
1699046048.671825,-4.26
1699046048.6781652,-3.5
1699046048.6845417,-3.03
1699046048.6909657,-2.63
1699046048.698117,-2.11
1699046048.7042866,-1.74
1699046048.711391,-1.58
1699046048.7179723,-1.49
1699046048.7241454,-1.67
1699046048.7311902,-2.11
1699046048.738303,-2.58
1699046048.7456584,-3.42
1699046048.752903,-4.5
1699046048.758986,-6.06
1699046048.765661,-7.79
1699046048.771947,-9.74
1699046048.778966,-11.85
1699046048.7859242,-14.09
1699046048.7930164,-16.42
1699046048.800279,-18.64
1699046048.8069205,-19.47
1699046048.8128603,-19.24
1699046048.8192067,-19.22
1699046048.8253677,-19.49
1699046048.8323796,-21.75
1699046048.8394015,-24.25
1699046048.8456755,-26.46
1699046048.852888,-27.62
1699046048.8610299,-28.77
1699046048.8672214,-29.61
1699046048.8735225,-30.27
1699046048.879873,-30.45
1699046048.8860774,-31.15
1699046048.8928452,-31.74
1699046048.8996682,-32.07
1699046048.9059608,-32.34
1699046048.9122827,-32.42
1699046048.919012,-32.09
1699046048.925208,-31.9
1699046048.9317665,-31.78
1699046048.938644,-31.79
1699046048.94502,-31.63
1699046048.9514196,-31.47
1699046048.9577844,-31.29
1699046048.9640822,-31.13
1699046048.9703314,-30.95
1699046048.9765544,-30.8
1699046048.983486,-30.66
1699046048.991137,-30.53
1699046048.9972744,-30.38
1699046049.0039873,-30.24
1699046049.0102103,-30.09
1699046049.0170555,-29.95
1699046049.0238216,-29.83
1699046049.0314066,-29.7
1699046049.037717,-29.58
1699046049.0446835,-29.46
1699046049.0515141,-29.33
1699046049.0587587,-29.24
1699046049.065665,-29.18
1699046049.0722308,-29.1
1699046049.0783784,-29.02
1699046049.0851257,-28.99
1699046049.0921497,-28.89
1699046049.099703,-28.87
1699046049.1084106,-28.9
1699046049.116292,-28.88
1699046049.128541,-28.9
1699046049.135191,-28.82
1699046049.141452,-28.77
1699046049.148181,-28.74
1699046049.1569073,-28.75
1699046049.1638849,-28.76
1699046049.169893,-28.76
1699046049.1761467,-28.79
1699046049.1824174,-28.79
1699046049.1887891,-28.78
1699046049.1955614,-28.8
1699046049.2020636,-28.83
1699046049.208662,-28.88
1699046049.2150903,-28.97
1699046049.2212183,-29.1
1699046049.227767,-29.24
1699046049.234438,-29.36
1699046049.2410874,-29.53
1699046049.2477002,-29.74
1699046049.2537622,-29.93
1699046049.2598205,-30.13
1699046049.2660854,-30.39
1699046049.272313,-30.72
1699046049.2784514,-31.04
1699046049.2846212,-31.38
1699046049.2916777,-31.74
1699046049.2984848,-32.3
1699046049.3046477,-32.85
1699046049.3108885,-33.37
1699046049.3172002,-33.98
1699046049.3235815,-34.77
1699046049.330704,-35.59
1699046049.33758,-36.65
1699046049.343911,-37.69
1699046049.3506007,-38.75
1699046049.3573322,-39.93
1699046049.363604,-41.08
1699046049.3698182,-42.14
1699046049.3765385,-43.03
1699046049.3829377,-44.01
1699046049.389582,-44.82
1699046049.395945,-45.52
1699046049.402142,-46.01
1699046049.4099104,-46.6
1699046049.4178402,-47.53
1699046049.4246335,-48.83
1699046049.4322999,-50.21
1699046049.439554,-52.28
1699046049.4473445,-54.05
1699046049.454108,-56.08
1699046049.4603307,-57.7
1699046049.4673877,-59.18
1699046049.4738972,-60.67
1699046049.4805758,-62.0
1699046049.4873214,-63.12
1699046049.4936829,-63.98
1699046049.4999802,-64.35
1699046049.5072598,-64.46
1699046049.5135896,-64.15
1699046049.519993,-62.78
1699046049.526717,-60.71
1699046049.5328953,-58.17
1699046049.5391655,-56.73
1699046049.545412,-55.05
1699046049.5526004,-52.44
1699046049.5590308,-49.43
1699046049.5653255,-47.27
1699046049.5715535,-44.8
1699046049.577827,-42.29
1699046049.584006,-40.08
1699046049.5904274,-37.66
1699046049.5966864,-35.2
1699046049.6031399,-32.83
1699046049.6094,-30.26
1699046049.6155837,-28.03
1699046049.6243184,-25.99
1699046049.6316335,-23.73
1699046049.6382754,-22.16
1699046049.6448312,-20.68
1699046049.651936,-19.13
1699046049.6603408,-17.59
1699046049.6678562,-15.99
1699046049.6760836,-14.59
1699046049.6834242,-13.22
1699046049.6912498,-11.94
1699046049.6993692,-10.52
1699046049.7077088,-9.17
1699046049.7142098,-7.86
1699046049.7204907,-7.04
1699046049.7272134,-6.19
1699046049.7373903,-4.73
1699046049.7463,-3.57
1699046049.7549655,-2.45
1699046049.761696,-1.38
1699046049.7693353,-0.73
1699046049.7775726,0.22
1699046049.785909,1.12
1699046049.7935863,1.98
1699046049.8018,2.7
1699046049.8093064,3.63
1699046049.815607,3.75
1699046049.823907,3.68
1699046049.832524,3.5
1699046049.839122,2.94
1699046049.8455694,1.74
1699046049.8524086,0.26
1699046049.858932,-1.56
1699046049.8655748,-3.59
1699046049.8739748,-5.88
1699046049.8807187,-8.47
1699046049.888895,-11.19
1699046049.8968287,-13.96
1699046049.9047399,-16.57
1699046049.9128356,-18.79
1699046049.9209063,-19.67
1699046049.9280832,-19.65
1699046049.935621,-19.69
1699046049.9435763,-21.72
1699046049.9504647,-24.76
1699046049.9569776,-26.92
1699046049.9649687,-28.57
1699046049.971924,-28.41
1699046049.9781835,-27.28
1699046049.9864879,-26.95
1699046049.9955945,-27.95
1699046050.0031593,-28.78
1699046050.0112007,-29.54
1699046050.020486,-29.66
1699046050.028928,-29.94
1699046050.035235,-29.92
1699046050.0414467,-29.54
1699046050.0478458,-29.62
1699046050.05432,-29.76
1699046050.06122,-29.59
1699046050.0678618,-29.36
1699046050.0746422,-29.13
1699046050.0808423,-28.95
1699046050.0872726,-28.85
1699046050.0937047,-28.71
1699046050.1023555,-28.52
1699046050.1112328,-28.34
1699046050.1195781,-28.19
1699046050.1257439,-28.08
1699046050.1325426,-27.95
1699046050.1395156,-27.82
1699046050.1457708,-27.71
1699046050.1528609,-27.58
1699046050.1626267,-27.51
1699046050.169875,-27.48
1699046050.1763742,-27.42
1699046050.1833436,-27.39
1699046050.1895185,-27.34
1699046050.195744,-27.3
1699046050.2021976,-27.26
1699046050.2087824,-27.26
1699046050.2150958,-27.25
1699046050.2212558,-27.22
1699046050.227975,-27.19
1699046050.2373269,-27.18
1699046050.244032,-27.19
1699046050.251416,-27.23
1699046050.2579408,-27.31
1699046050.263995,-27.35
1699046050.2700927,-27.37
1699046050.2770114,-27.44
1699046050.2832847,-27.52
1699046050.2895606,-27.63
1699046050.2969656,-27.73
1699046050.305026,-27.81
1699046050.3112679,-27.85
1699046050.3178875,-27.94
1699046050.3248127,-28.02
1699046050.331291,-28.19
1699046050.337681,-28.32
1699046050.3440313,-28.43
1699046050.3524806,-28.67
1699046050.3587315,-28.9
1699046050.364963,-29.14
1699046050.3713455,-29.37
1699046050.3780396,-29.71
1699046050.3844936,-30.03
1699046050.3916008,-30.4
1699046050.3978934,-30.82
1699046050.4046686,-31.2
1699046050.4107347,-31.64
1699046050.4166958,-32.12
1699046050.4230444,-32.64
1699046050.429618,-33.29
1699046050.4366057,-34.02
1699046050.4442906,-34.91
1699046050.4511704,-35.94
1699046050.457938,-36.96
1699046050.4642239,-38.04
1699046050.4712162,-39.17
1699046050.478738,-40.45
1699046050.4860146,-41.75
1699046050.4925842,-42.87
1699046050.498951,-43.8
1699046050.5052392,-44.62
1699046050.5135005,-45.91
1699046050.5222108,-46.63
1699046050.5316858,-47.63
1699046050.5379899,-49.13
1699046050.5450363,-50.25
1699046050.5514143,-52.01
1699046050.558969,-53.62
1699046050.5674002,-55.4
1699046050.5750034,-57.6
1699046050.5820763,-59.45
1699046050.5888236,-60.95
1699046050.5952728,-62.45
1699046050.6029131,-63.98
1699046050.6096344,-65.24
1699046050.616161,-65.55
1699046050.622477,-64.85
1699046050.6290672,-64.19
1699046050.6379843,-62.9
1699046050.6458297,-61.45
1699046050.6520526,-57.78
1699046050.65851,-56.56
1699046050.6652524,-54.99
1699046050.672111,-51.66
1699046050.6788266,-49.05
1699046050.6879044,-46.72
1699046050.6958587,-43.56
1699046050.70214,-41.36
1699046050.708307,-39.26
1699046050.7147548,-37.39
1699046050.7218504,-35.66
1699046050.7294238,-33.71
1699046050.7367263,-31.61
1699046050.7436604,-29.56
1699046050.7508354,-27.78
1699046050.7580066,-26.07
1699046050.7651496,-24.37
1699046050.7732022,-22.68
1699046050.780133,-20.81
1699046050.7874157,-19.34
1699046050.7946658,-17.87
1699046050.8027766,-16.3
1699046050.8099859,-15.01
1699046050.8171844,-13.69
1699046050.8243792,-12.38
1699046050.8317072,-11.06
1699046050.8389978,-9.84
1699046050.8465066,-8.65
1699046050.8536499,-7.55
1699046050.8608634,-6.58
1699046050.8679838,-5.65
1699046050.8756764,-4.75
1699046050.8825078,-3.83
1699046050.8897526,-3.11
1699046050.8967514,-2.37
1699046050.9041247,-1.72
1699046050.9118679,-1.06
1699046050.9194736,-0.43
1699046050.9267976,0.08
1699046050.933883,0.25
1699046050.941829,0.19
1699046050.949073,-0.08
1699046050.956317,-0.68
1699046050.9639695,-1.6
1699046050.9706652,-2.79
1699046050.9781046,-4.29
1699046050.9858232,-5.98
1699046050.992916,-7.9
1699046051.0001214,-10.03
1699046051.008032,-12.33
1699046051.0174208,-15.11
1699046051.023647,-15.94
1699046051.029904,-15.86
1699046051.0361412,-16.07
1699046051.0423086,-16.7
1699046051.0490875,-18.95
1699046051.0553825,-21.35
1699046051.0616515,-23.44
1699046051.0680823,-24.96
1699046051.0743723,-26.16
1699046051.0805786,-26.81
1699046051.0868526,-26.88
1699046051.0930648,-27.02
1699046051.0998497,-27.45
1699046051.1081305,-28.36
1699046051.1143901,-28.94
1699046051.1206717,-28.83
1699046051.1304815,-29.12
1699046051.137149,-29.04
1699046051.1437676,-28.91
1699046051.1501272,-28.81
1699046051.1562471,-28.67
1699046051.1622748,-28.51
1699046051.1689942,-28.38
1699046051.1752796,-28.18
1699046051.181473,-28.08
1699046051.1881306,-27.92
1699046051.196417,-27.72
1699046051.2035804,-27.59
1699046051.2096133,-27.42
1699046051.2159975,-27.28
1699046051.2221563,-27.14
1699046051.2286897,-27.0
1699046051.2378416,-26.86
1699046051.247161,-26.73
1699046051.2540498,-26.62
1699046051.2609327,-26.47
1699046051.2684522,-26.34
1699046051.2764008,-26.24
1699046051.2833374,-26.16
1699046051.2895231,-26.12
1699046051.2955482,-26.05
1699046051.3018703,-26.01
1699046051.3080003,-25.97
1699046051.3148327,-25.96
1699046051.3214464,-25.99
1699046051.3279612,-26.0
1699046051.3342617,-25.97
1699046051.3404193,-25.98
1699046051.3476598,-25.99
1699046051.3566449,-26.1
1699046051.363353,-26.14
1699046051.3700507,-26.21
1699046051.3773098,-26.28
1699046051.3838162,-26.36
1699046051.3950186,-26.48
1699046051.4024465,-26.59
1699046051.409486,-26.7
1699046051.4157364,-26.8
1699046051.4224994,-26.93
1699046051.4296489,-27.05
1699046051.4365704,-27.21
1699046051.4437737,-27.38
1699046051.4510953,-27.59
1699046051.4571633,-27.77
1699046051.4640033,-27.97
1699046051.4706817,-28.14
1699046051.4777913,-28.38
1699046051.4839058,-28.75
1699046051.4899118,-29.08
1699046051.4964345,-29.42
1699046051.502646,-29.8
1699046051.5093513,-30.17
1699046051.5164611,-30.69
1699046051.523283,-31.2
1699046051.530217,-31.9
1699046051.536455,-32.51
1699046051.5427516,-33.07
1699046051.5494032,-33.85
1699046051.555716,-34.72
1699046051.561951,-35.5
1699046051.5681682,-36.37
1699046051.5749042,-37.26
1699046051.5809581,-38.39
1699046051.5869787,-39.45
1699046051.5931835,-40.44
1699046051.5995154,-41.46
1699046051.6058993,-42.54
1699046051.614418,-43.62
1699046051.6217916,-44.8
1699046051.6290767,-45.73
1699046051.6366208,-46.62
1699046051.644442,-47.65
1699046051.65186,-48.96
1699046051.6592352,-50.41
1699046051.6667068,-52.65
1699046051.6730094,-54.26
1699046051.6799896,-55.79
1699046051.687346,-57.5
1699046051.6948967,-59.28
1699046051.7024605,-61.0
1699046051.7107666,-62.44
1699046051.7176774,-64.2
1699046051.7237287,-65.11
1699046051.7299848,-65.52
1699046051.7364233,-65.56
1699046051.742607,-65.01
1699046051.7493274,-63.79
1699046051.7572627,-62.13
1699046051.7653918,-60.63
1699046051.7717981,-59.22
1699046051.7780828,-56.55
1699046051.7891202,-52.99
1699046051.7978103,-49.98
1699046051.805711,-46.85
1699046051.812062,-44.21
1699046051.8182633,-42.14
1699046051.825148,-40.11
1699046051.8316152,-38.01
1699046051.837712,-36.15
1699046051.843924,-34.36
1699046051.8507288,-32.61
1699046051.85766,-30.81
1699046051.864047,-29.11
1699046051.8702145,-27.52
1699046051.8764179,-26.01
1699046051.8831928,-24.5
1699046051.8898008,-22.99
1699046051.8960135,-21.7
1699046051.9028757,-20.44
1699046051.9093547,-19.14
1699046051.9165635,-17.82
1699046051.9228513,-16.63
1699046051.929266,-15.49
1699046051.9357986,-14.4
1699046051.9418294,-13.33
1699046051.9483075,-12.35
1699046051.9558198,-11.06
1699046051.962312,-10.01
1699046051.9706454,-8.51
1699046051.9795492,-7.09
1699046051.9868348,-6.23
1699046051.9947948,-5.1
1699046052.0024958,-3.91
1699046052.00959,-2.99
1699046052.0158582,-2.31
1699046052.0230806,-1.57
1699046052.0299125,-1.08
1699046052.035993,-0.66
1699046052.0419896,-0.39
1699046052.049492,-0.26
1699046052.0563414,-0.13
1699046052.0638773,-0.27
1699046052.0709713,-0.76
1699046052.0774345,-1.76
1699046052.084694,-3.05
1699046052.091034,-4.52
1699046052.097808,-6.33
1699046052.104731,-8.32
1699046052.111883,-10.57
1699046052.1186812,-13.04
1699046052.1247911,-15.42
1699046052.131774,-17.77
1699046052.1392035,-20.05
1699046052.1455445,-22.16
1699046052.1522288,-23.34
1699046052.1606307,-23.73
1699046052.1681414,-23.54
1699046052.1753652,-23.39
1699046052.1832988,-25.75
1699046052.1896205,-28.9
1699046052.1964018,-30.9
1699046052.2031767,-32.75
1699046052.209526,-33.42
1699046052.2160022,-33.31
1699046052.223405,-33.92
1699046052.2299037,-34.49
1699046052.2363396,-34.78
1699046052.242774,-35.09
1699046052.2499654,-34.67
1699046052.2562242,-34.98
1699046052.2627294,-34.91
1699046052.2712824,-34.63
1699046052.277347,-34.23
1699046052.2837477,-33.99
1699046052.290589,-33.91
1699046052.2967408,-33.74
1699046052.3033469,-33.49
1699046052.3095338,-33.27
1699046052.315986,-33.0
1699046052.3248096,-32.78
1699046052.331785,-32.51
1699046052.3394332,-32.3
1699046052.3456993,-32.09
1699046052.3530548,-31.86
1699046052.3595707,-31.62
1699046052.3664,-31.4
1699046052.3727133,-31.19
1699046052.3792822,-30.98
1699046052.3855333,-30.77
1699046052.3915374,-30.57
1699046052.3976617,-30.39
1699046052.403944,-30.2
1699046052.4107866,-30.03
1699046052.4180923,-29.87
1699046052.4281592,-29.75
1699046052.4353616,-29.66
1699046052.442773,-29.55
1699046052.4498675,-29.44
1699046052.4571514,-29.37
1699046052.4653423,-29.19
1699046052.4728959,-29.17
1699046052.4802842,-29.11
1699046052.4877846,-29.09
1699046052.4954948,-29.05
1699046052.5025,-29.01
1699046052.509665,-28.95
1699046052.5170686,-28.91
1699046052.5242338,-28.9
1699046052.5318584,-28.94
1699046052.5389192,-29.05
1699046052.5464704,-29.12
1699046052.5534923,-29.28
1699046052.5618608,-29.46
1699046052.5689533,-29.66
1699046052.5779147,-29.89
1699046052.585521,-30.29
1699046052.5929344,-30.61
1699046052.5994039,-30.92
1699046052.6058028,-31.2
1699046052.6122818,-31.52
1699046052.619737,-31.97
1699046052.627168,-32.46
1699046052.633975,-33.02
1699046052.64029,-33.55
1699046052.64703,-34.12
1699046052.6536274,-34.85
1699046052.6607144,-35.56
1699046052.6674273,-36.41
1699046052.6744156,-37.22
1699046052.6804519,-38.1
1699046052.6871552,-38.88
1699046052.693894,-40.04
1699046052.702116,-41.39
1699046052.7095253,-42.81
1699046052.7173288,-43.98
1699046052.7255864,-45.22
1699046052.73376,-46.5
1699046052.7421968,-47.6
1699046052.749452,-48.72
1699046052.757146,-49.87
1699046052.7647128,-51.32
1699046052.7724893,-52.86
1699046052.780527,-54.83
1699046052.7886992,-56.61
1699046052.7963986,-58.69
1699046052.8039002,-60.51
1699046052.8110871,-62.27
1699046052.8186574,-63.8
1699046052.826564,-65.32
1699046052.834651,-67.01
1699046052.842275,-67.6
1699046052.8495302,-67.89
1699046052.857369,-67.26
1699046052.8649,-66.6
1699046052.872014,-65.73
1699046052.8800695,-63.14
1699046052.8881416,-62.13
1699046052.8947246,-60.57
1699046052.900809,-58.1
1699046052.9073272,-56.24
1699046052.9143064,-54.33
1699046052.921977,-51.88
1699046052.930305,-49.64
1699046052.9395957,-47.26
1699046052.9470153,-45.03
1699046052.954956,-43.11
1699046052.9621139,-41.15
1699046052.9696267,-39.22
1699046052.9777076,-37.16
1699046052.9855444,-34.88
1699046052.9921522,-32.96
1699046053.0009208,-31.15
1699046053.008387,-29.57
1699046053.0161104,-27.78
1699046053.023144,-26.1
1699046053.0314622,-24.48
1699046053.039611,-22.69
1699046053.0472066,-21.18
1699046053.0535605,-19.85
1699046053.0598338,-18.72
1699046053.0684235,-17.55
1699046053.076213,-16.02
1699046053.084125,-14.63
1699046053.0926273,-13.39
1699046053.0998557,-12.07
1699046053.107529,-11.04
1699046053.115196,-9.96
1699046053.1222038,-9.0
1699046053.130172,-8.26
1699046053.137679,-7.3
1699046053.1451144,-6.55
1699046053.1526248,-5.93
1699046053.1590385,-5.56
1699046053.1652768,-5.6
1699046053.1716027,-5.79
1699046053.177751,-6.15
1699046053.1839929,-6.63
1699046053.1902165,-7.31
1699046053.1964028,-8.21
1699046053.202667,-9.35
1699046053.2091568,-10.67
1699046053.2157352,-12.18
1699046053.2224908,-13.84
1699046053.2286074,-15.65
1699046053.2350695,-17.54
1699046053.2411478,-19.51
