1699087580.3966796,-0.29
1699087580.4122653,-0.56
1699087580.425449,-0.83
1699087580.437931,-1.05
1699087580.4506035,-1.28
1699087580.4644184,-1.51
1699087580.4784622,-1.75
1699087580.490767,-2.0
1699087580.5054853,-2.28
1699087580.5160706,-2.5
1699087580.523713,-2.74
1699087580.5299704,-2.96
1699087580.5370414,-3.17
1699087580.544275,-3.37
1699087580.5516346,-3.58
1699087580.5597448,-3.79
1699087580.5660045,-3.99
1699087580.5722084,-4.18
1699087580.5786138,-4.37
1699087580.5851052,-4.56
1699087580.5913363,-4.74
1699087580.597687,-4.92
1699087580.604075,-5.11
1699087580.6104252,-5.29
1699087580.6174002,-5.46
1699087580.6252408,-5.63
1699087580.632718,-5.79
1699087580.6403272,-5.94
1699087580.6473076,-6.1
1699087580.6540759,-6.25
1699087580.6614342,-6.4
1699087580.669115,-6.54
1699087580.6767085,-6.68
1699087580.6844034,-6.83
1699087580.691278,-6.97
1699087580.698939,-7.11
1699087580.7066119,-7.25
1699087580.7140903,-7.37
1699087580.7210677,-7.5
1699087580.7282825,-7.63
1699087580.7357566,-7.75
1699087580.743278,-7.86
1699087580.750945,-7.98
1699087580.7582483,-8.1
1699087580.7660103,-8.2
1699087580.7739263,-8.32
1699087580.781661,-8.43
1699087580.7879717,-8.53
1699087580.7940137,-8.65
1699087580.8002527,-8.76
1699087580.806508,-8.86
1699087580.8128414,-8.96
1699087580.8207006,-9.07
1699087580.8276975,-9.16
1699087580.83459,-9.26
1699087580.8418887,-9.34
1699087580.8495598,-9.43
1699087580.8575463,-9.52
1699087580.8691518,-9.61
1699087580.8765695,-9.68
1699087580.8833182,-9.76
1699087580.8896086,-9.84
1699087580.8962796,-9.9
1699087580.9034593,-9.98
1699087580.9115953,-10.08
1699087580.9194,-10.18
1699087580.9274518,-10.29
1699087580.9352481,-10.38
1699087580.9439363,-10.5
1699087580.9514222,-10.58
1699087580.9583755,-10.66
1699087580.9654171,-10.73
1699087580.9721346,-10.8
1699087580.97947,-10.86
1699087580.9874394,-10.92
1699087580.994187,-10.98
1699087581.003842,-11.03
1699087581.012174,-11.08
1699087581.0202467,-11.15
1699087581.0272615,-11.21
1699087581.0334775,-11.27
1699087581.0397747,-11.33
1699087581.046428,-11.38
1699087581.0529006,-11.45
1699087581.0598726,-11.5
1699087581.0667672,-11.56
1699087581.0738602,-11.62
1699087581.0805113,-11.67
1699087581.087646,-11.71
1699087581.0946755,-11.76
1699087581.1025913,-11.79
1699087581.110761,-11.84
1699087581.1179607,-11.88
1699087581.1254063,-11.93
1699087581.1326292,-11.98
1699087581.139456,-12.04
1699087581.1466458,-12.08
1699087581.1536973,-12.13
1699087581.1609244,-12.19
1699087581.167991,-12.24
1699087581.1752229,-12.29
1699087581.1828134,-12.34
1699087581.189785,-12.41
1699087581.1970541,-12.47
1699087581.2042265,-12.53
1699087581.211488,-12.61
1699087581.2185445,-12.69
1699087581.2256556,-12.76
1699087581.2334838,-12.86
1699087581.2407668,-12.96
1699087581.2475724,-13.07
1699087581.254738,-13.17
1699087581.2619853,-13.28
1699087581.2692466,-13.39
1699087581.2760613,-13.51
1699087581.2831624,-13.63
1699087581.290026,-13.75
1699087581.297309,-13.85
1699087581.3042912,-13.96
1699087581.3113277,-14.06
1699087581.3191583,-14.14
1699087581.3276083,-14.23
1699087581.33546,-14.29
1699087581.3416696,-14.34
1699087581.3480155,-14.39
1699087581.3544366,-14.43
1699087581.36153,-14.47
1699087581.3678281,-14.52
1699087581.3741953,-14.58
1699087581.3810992,-14.64
1699087581.3873692,-14.71
1699087581.3936028,-14.76
1699087581.3999453,-14.82
1699087581.4089012,-14.9
1699087581.4156408,-14.96
1699087581.422724,-15.02
1699087581.4309952,-15.07
1699087581.4372745,-15.12
1699087581.4436533,-15.17
1699087581.449896,-15.21
1699087581.456139,-15.25
1699087581.4626975,-15.27
1699087581.470076,-15.3
1699087581.4766529,-15.3
1699087581.4833732,-15.27
1699087581.4896784,-15.24
1699087581.4967887,-15.2
1699087581.5042846,-15.1
1699087581.5111744,-15.01
1699087581.5174823,-14.96
1699087581.5252771,-14.95
1699087581.533687,-14.91
1699087581.5400448,-14.87
1699087581.5464556,-14.86
1699087581.5530803,-14.83
1699087581.559513,-14.8
1699087581.5658658,-14.77
1699087581.5722017,-14.76
1699087581.5785804,-14.75
1699087581.5848415,-14.73
1699087581.5911064,-14.72
1699087581.5974827,-14.71
1699087581.6040132,-14.69
1699087581.6107051,-14.69
1699087581.6170592,-14.69
1699087581.6234622,-14.69
1699087581.6302617,-14.66
1699087581.6373398,-14.59
1699087581.6436427,-14.49
1699087581.6498845,-14.41
1699087581.6560946,-14.37
1699087581.6626291,-14.4
1699087581.669418,-14.44
1699087581.6757123,-14.48
1699087581.682094,-14.5
1699087581.688457,-14.51
1699087581.6948376,-14.54
1699087581.701404,-14.56
1699087581.7077193,-14.58
1699087581.7140772,-14.62
1699087581.7204497,-14.68
1699087581.726884,-14.73
1699087581.7338455,-14.79
1699087581.7399418,-14.85
1699087581.746379,-14.93
1699087581.7526808,-15.02
1699087581.759893,-15.12
1699087581.7664108,-15.23
1699087581.7730458,-15.33
1699087581.780462,-15.41
1699087581.7869039,-15.5
1699087581.793299,-15.57
1699087581.7997115,-15.65
1699087581.80647,-15.72
1699087581.8130476,-15.75
1699087581.8192422,-15.76
1699087581.8255649,-15.76
1699087581.8318322,-15.77
1699087581.8380802,-15.78
1699087581.8442953,-15.79
1699087581.8505838,-15.81
1699087581.8568985,-15.83
1699087581.8636491,-15.86
1699087581.8697965,-15.89
1699087581.8759134,-15.91
1699087581.8821268,-15.93
1699087581.8894396,-15.96
1699087581.8960114,-15.99
1699087581.9031806,-16.02
1699087581.910016,-16.03
1699087581.9161,-16.03
1699087581.9224257,-16.05
1699087581.9290278,-16.06
1699087581.935277,-16.06
1699087581.9424775,-16.05
1699087581.9489326,-16.07
1699087581.9554782,-16.11
1699087581.961758,-16.13
1699087581.9686975,-16.15
1699087581.9750443,-16.16
1699087581.9813056,-16.17
1699087581.9876738,-16.19
1699087581.9938772,-16.21
1699087582.00005,-16.2
1699087582.0062528,-16.19
1699087582.0125086,-16.19
1699087582.0189817,-16.17
1699087582.025151,-16.16
1699087582.0317852,-16.16
1699087582.039025,-16.16
1699087582.0463963,-16.17
1699087582.0536263,-16.18
1699087582.0599537,-16.19
1699087582.066299,-16.21
1699087582.0726924,-16.23
1699087582.0789795,-16.24
1699087582.0853941,-16.27
1699087582.0917077,-16.28
1699087582.0978615,-16.29
1699087582.1049154,-16.3
1699087582.1111746,-16.27
1699087582.1176577,-16.24
1699087582.1245465,-16.2
1699087582.1311448,-16.15
1699087582.1391613,-16.1
1699087582.146317,-16.03
1699087582.1524274,-15.98
1699087582.1588216,-15.91
1699087582.1656775,-15.85
1699087582.171817,-15.81
1699087582.1779566,-15.73
1699087582.1840336,-15.67
1699087582.1908278,-15.64
1699087582.1972415,-15.6
1699087582.2034056,-15.56
1699087582.2099323,-15.5
1699087582.2162714,-15.42
1699087582.2227843,-15.34
1699087582.229499,-15.25
1699087582.2359843,-15.15
1699087582.2427185,-15.1
1699087582.2492685,-15.05
1699087582.2554507,-15.0
1699087582.2619867,-14.95
1699087582.2684,-14.91
1699087582.2750442,-14.88
1699087582.2812362,-14.85
1699087582.2875543,-14.84
1699087582.2938542,-14.81
1699087582.3005373,-14.76
1699087582.306753,-14.7
1699087582.3133812,-14.71
1699087582.3196967,-14.87
1699087582.3268213,-15.07
1699087582.3339608,-15.48
1699087582.3411994,-15.8
1699087582.347693,-16.07
1699087582.3544374,-16.26
1699087582.3610132,-16.45
1699087582.3673213,-16.63
1699087582.3735912,-16.8
1699087582.3804734,-16.96
1699087582.3879473,-17.15
1699087582.3941548,-17.34
1699087582.4011457,-17.48
1699087582.4072673,-17.65
1699087582.4134026,-17.82
1699087582.4199367,-18.0
1699087582.4266,-18.16
1699087582.4331124,-18.35
1699087582.4394457,-18.55
1699087582.4455414,-18.76
1699087582.4519682,-18.93
1699087582.4580684,-19.12
1699087582.4641535,-19.28
1699087582.4703357,-19.38
1699087582.4766128,-19.48
1699087582.4829433,-19.57
1699087582.4895961,-19.64
1699087582.4983754,-19.7
1699087582.5055885,-19.77
1699087582.5125637,-19.83
1699087582.5191014,-19.88
1699087582.5254,-19.93
1699087582.5327325,-19.98
1699087582.5393944,-19.99
1699087582.545751,-19.94
1699087582.5529323,-19.87
1699087582.5598576,-19.73
1699087582.5666206,-19.55
1699087582.5729125,-19.37
1699087582.579145,-19.17
1699087582.5858734,-18.99
1699087582.5961978,-18.8
1699087582.6032536,-18.58
1699087582.609888,-18.3
1699087582.617006,-17.99
1699087582.6230872,-17.64
1699087582.6296585,-17.28
1699087582.6359708,-16.88
1699087582.6425242,-16.45
1699087582.6491828,-16.03
1699087582.6556094,-15.58
1699087582.662521,-15.13
1699087582.6684568,-14.64
1699087582.6778803,-14.03
1699087582.6843987,-13.35
1699087582.691432,-12.7
1699087582.6977534,-12.03
1699087582.704653,-11.36
1699087582.7113733,-10.7
1699087582.7176616,-10.12
1699087582.7254946,-9.55
1699087582.7327847,-8.96
1699087582.740941,-8.34
1699087582.7493088,-7.63
1699087582.756684,-6.84
1699087582.764101,-5.99
1699087582.7711978,-5.05
1699087582.7791002,-4.09
1699087582.7867172,-3.13
1699087582.7943568,-2.24
1699087582.802289,-1.39
1699087582.809814,-0.55
1699087582.8176358,0.26
1699087582.8248525,1.1
1699087582.8329349,1.84
1699087582.840721,2.71
1699087582.848264,3.52
1699087582.8552454,4.33
1699087582.8619862,4.98
1699087582.8693497,5.62
1699087582.877162,6.28
1699087582.8848732,6.9
1699087582.891525,7.41
1699087582.8990057,7.79
1699087582.9067194,8.16
1699087582.9145932,8.52
1699087582.9224439,8.84
1699087582.9298606,9.15
1699087582.9365852,9.32
1699087582.9443808,9.38
1699087582.9521892,9.39
1699087582.9590714,9.27
1699087582.9662483,9.05
1699087582.9730532,8.72
1699087582.9798155,8.26
1699087582.9873517,7.75
1699087582.994938,7.2
1699087583.002761,6.6
1699087583.0100965,5.97
1699087583.0163364,5.29
1699087583.0227635,4.59
1699087583.0292113,3.88
1699087583.0359683,3.14
1699087583.0420918,2.42
1699087583.048337,1.73
1699087583.0547986,1.11
1699087583.0612636,0.5
1699087583.067632,-0.04
1699087583.0740292,-0.55
1699087583.0803506,-0.97
1699087583.0869997,-1.32
1699087583.0933945,-1.69
1699087583.0997036,-2.04
1699087583.1057856,-2.43
1699087583.1119812,-2.78
1699087583.118223,-3.07
1699087583.124467,-3.3
1699087583.1306493,-3.48
1699087583.1369214,-3.56
1699087583.1431358,-3.7
1699087583.1497357,-3.9
1699087583.1559486,-4.2
1699087583.1626053,-4.76
1699087583.1689188,-5.43
1699087583.1750946,-5.96
1699087583.1813228,-6.3
1699087583.1875393,-6.46
1699087583.1936755,-6.54
1699087583.2008166,-6.62
1699087583.2104602,-6.86
1699087583.2174222,-7.07
1699087583.2237968,-7.09
1699087583.2299042,-7.08
1699087583.236139,-7.05
1699087583.2425964,-6.99
1699087583.2489786,-6.98
1699087583.2552145,-7.06
1699087583.2622445,-7.17
1699087583.2715178,-7.77
1699087583.2780564,-8.24
1699087583.284202,-8.85
1699087583.2905035,-9.5
1699087583.2972455,-10.13
1699087583.3055456,-10.69
1699087583.31434,-11.0
1699087583.3205533,-11.12
1699087583.3269556,-11.13
1699087583.333387,-11.17
1699087583.3400261,-11.19
1699087583.3466668,-11.28
1699087583.3531659,-11.49
1699087583.3595572,-11.71
1699087583.3662376,-12.04
1699087583.3731136,-12.57
1699087583.380564,-13.2
1699087583.3874643,-13.75
1699087583.3941236,-14.24
1699087583.400876,-14.68
1699087583.4081047,-15.21
1699087583.4145067,-15.57
1699087583.420703,-15.86
1699087583.4267716,-16.04
1699087583.4332223,-16.18
1699087583.4400766,-16.33
1699087583.4463146,-16.49
1699087583.4524727,-16.66
1699087583.4617805,-16.97
1699087583.469593,-17.29
1699087583.4779441,-17.5
1699087583.4855435,-17.64
1699087583.492519,-17.71
1699087583.4991677,-17.76
1699087583.5054507,-17.8
1699087583.513023,-17.86
1699087583.5206163,-17.91
1699087583.5280478,-17.9
1699087583.5356271,-17.79
1699087583.542783,-17.73
1699087583.5500035,-17.78
1699087583.5579662,-17.92
1699087583.5657592,-17.99
1699087583.572958,-18.02
1699087583.5801737,-18.12
1699087583.5874233,-18.24
1699087583.5948932,-18.37
1699087583.6022403,-18.5
1699087583.6100798,-18.61
1699087583.6172998,-18.66
1699087583.6239667,-18.7
1699087583.630826,-18.73
1699087583.6381583,-18.76
1699087583.6449227,-18.78
1699087583.6514485,-18.78
1699087583.6580298,-18.78
1699087583.6645725,-18.82
1699087583.6731787,-18.86
1699087583.6795053,-18.91
1699087583.6861358,-18.97
1699087583.69234,-19.03
1699087583.6994586,-19.04
1699087583.7054539,-19.06
1699087583.7120976,-19.06
1699087583.7183976,-19.01
1699087583.724794,-18.95
1699087583.7315772,-18.87
1699087583.7390444,-18.79
1699087583.7455096,-18.66
1699087583.7518065,-18.65
1699087583.757937,-18.54
1699087583.7641816,-18.41
1699087583.7709868,-18.29
1699087583.7775939,-18.17
1699087583.7842138,-18.06
1699087583.7904234,-17.95
1699087583.7968543,-17.85
1699087583.8035922,-17.74
1699087583.8099911,-17.62
1699087583.817306,-17.52
1699087583.8253853,-17.42
1699087583.8330882,-17.31
1699087583.8395429,-17.21
1699087583.8472416,-17.12
1699087583.8550084,-17.02
1699087583.861659,-16.93
1699087583.8686545,-16.86
1699087583.8749409,-16.83
1699087583.8816814,-16.81
1699087583.888387,-16.82
1699087583.8944352,-16.83
1699087583.9032397,-16.85
1699087583.911327,-16.89
1699087583.917579,-16.87
1699087583.9237733,-16.85
1699087583.9298987,-16.82
1699087583.9369524,-16.79
1699087583.94325,-16.76
1699087583.9498708,-16.73
1699087583.9560254,-16.71
1699087583.9620736,-16.7
1699087583.9684396,-16.69
1699087583.9748204,-16.67
1699087583.981212,-16.64
1699087583.9883204,-16.63
1699087583.9946668,-16.64
1699087584.0015602,-16.62
1699087584.0080056,-16.6
1699087584.014137,-16.6
1699087584.020313,-16.63
1699087584.0273407,-16.63
1699087584.0336542,-16.62
1699087584.0398602,-16.61
1699087584.0461407,-16.62
1699087584.052567,-16.64
1699087584.058839,-16.67
1699087584.0650165,-16.72
1699087584.071341,-16.82
1699087584.077422,-16.96
1699087584.0838683,-17.18
1699087584.090275,-17.26
1699087584.0964239,-17.29
1699087584.102679,-17.44
1699087584.109162,-17.62
1699087584.1153314,-17.8
1699087584.122351,-17.92
1699087584.1288576,-18.09
1699087584.134924,-18.34
1699087584.141881,-18.57
1699087584.1491354,-18.79
1699087584.1569817,-19.09
1699087584.162996,-19.37
1699087584.1696446,-19.64
1699087584.176888,-20.0
1699087584.183145,-20.38
1699087584.189954,-20.77
1699087584.1996167,-21.5
1699087584.2056746,-21.96
1699087584.212836,-22.46
1699087584.219427,-23.05
1699087584.225823,-23.65
1699087584.2318597,-24.18
1699087584.2381384,-24.73
1699087584.2452877,-25.35
1699087584.2516372,-26.01
1699087584.257865,-26.68
1699087584.2651408,-27.47
1699087584.2729483,-28.58
1699087584.2792716,-29.4
1699087584.2856517,-30.25
1699087584.2918284,-31.14
1699087584.2980585,-31.99
1699087584.3052413,-32.93
1699087584.3128169,-34.21
1699087584.319023,-35.32
1699087584.3271952,-36.51
1699087584.3336258,-37.78
1699087584.340689,-38.99
1699087584.3483255,-40.31
1699087584.3551056,-41.82
1699087584.3613074,-43.06
1699087584.3675778,-44.22
1699087584.3740246,-45.4
1699087584.3803449,-46.64
1699087584.3867826,-47.84
1699087584.393154,-49.14
1699087584.3995605,-50.39
1699087584.405853,-51.66
1699087584.412308,-53.01
1699087584.4195826,-54.49
1699087584.426007,-56.01
1699087584.4331043,-57.4
1699087584.439344,-58.77
1699087584.4460216,-59.84
1699087584.4530125,-60.97
1699087584.460168,-61.97
1699087584.467272,-62.76
1699087584.4736886,-63.44
1699087584.4811237,-63.92
1699087584.4905705,-64.63
1699087584.4970973,-65.08
1699087584.503683,-65.67
1699087584.5098295,-66.38
1699087584.516046,-67.18
1699087584.5224059,-67.93
1699087584.529439,-68.73
1699087584.535754,-69.45
1699087584.5424242,-69.98
1699087584.5490713,-70.42
1699087584.5554821,-70.81
1699087584.5618718,-71.19
1699087584.5684347,-71.54
1699087584.574829,-71.79
1699087584.5814242,-71.97
1699087584.5878408,-72.07
1699087584.5962403,-72.06
1699087584.604125,-72.0
1699087584.6131864,-71.73
1699087584.6201906,-71.27
1699087584.6275902,-70.75
1699087584.6344228,-70.06
1699087584.641403,-69.2
1699087584.6480649,-68.23
1699087584.6549675,-67.05
1699087584.6629674,-65.65
1699087584.6705365,-63.94
1699087584.6776695,-62.16
1699087584.6854396,-60.29
1699087584.6927443,-58.17
1699087584.7001715,-56.1
1699087584.707423,-53.71
1699087584.7154236,-51.33
1699087584.7232225,-48.81
1699087584.7311544,-46.34
1699087584.7383654,-44.0
1699087584.745537,-41.99
1699087584.7535207,-40.19
1699087584.7614427,-38.27
1699087584.768988,-36.58
1699087584.7759721,-35.05
1699087584.7828913,-33.61
1699087584.791051,-32.15
1699087584.7997358,-30.6
1699087584.8067017,-28.98
1699087584.8141668,-27.74
1699087584.8204339,-26.42
1699087584.82674,-25.42
1699087584.8329337,-24.48
1699087584.839361,-23.5
1699087584.8456924,-22.61
1699087584.85199,-21.78
1699087584.8583274,-20.99
1699087584.864832,-20.17
1699087584.8712456,-19.33
1699087584.8778732,-18.55
1699087584.8840854,-17.74
1699087584.891042,-16.87
1699087584.897367,-16.13
1699087584.904323,-15.31
1699087584.9107172,-14.67
1699087584.9169111,-14.03
1699087584.9232543,-13.5
1699087584.930019,-12.95
1699087584.9360895,-12.52
1699087584.9423409,-12.16
1699087584.9487524,-11.78
1699087584.9551423,-11.42
1699087584.9615102,-11.07
1699087584.9678075,-10.81
1699087584.9744658,-10.52
1699087584.98073,-10.28
1699087584.9871273,-10.04
1699087584.9938636,-9.83
1699087585.00137,-9.53
1699087585.0078983,-9.26
1699087585.015841,-9.11
1699087585.0225384,-8.94
1699087585.0309358,-8.87
1699087585.0371728,-8.88
1699087585.0436025,-8.97
1699087585.050327,-9.08
1699087585.056473,-9.27
1699087585.0626805,-9.52
1699087585.0701084,-9.78
1699087585.0766497,-10.14
1699087585.082851,-10.63
1699087585.0906212,-11.12
1699087585.0967722,-11.78
1699087585.1029906,-12.51
1699087585.109179,-13.28
1699087585.1153445,-14.14
1699087585.1224458,-15.03
1699087585.129499,-15.97
1699087585.1364243,-16.95
1699087585.143212,-17.98
1699087585.1503575,-19.01
1699087585.1576123,-20.12
1699087585.164557,-21.29
1699087585.171838,-22.46
1699087585.1789124,-23.63
1699087585.186614,-24.74
1699087585.193959,-25.67
1699087585.201059,-26.25
1699087585.2084215,-26.28
1699087585.2157805,-25.56
1699087585.2227018,-24.39
1699087585.2298043,-23.4
1699087585.2370894,-24.02
1699087585.2447667,-25.11
1699087585.2523158,-26.18
1699087585.2594137,-26.84
1699087585.266823,-26.85
1699087585.2748432,-26.51
1699087585.282592,-26.14
1699087585.2897208,-25.93
1699087585.2981138,-25.86
1699087585.3054724,-25.83
1699087585.3136885,-25.76
1699087585.3209918,-25.73
1699087585.3292365,-25.63
1699087585.3369236,-25.6
1699087585.3443406,-25.63
1699087585.351858,-25.67
1699087585.3588877,-25.66
1699087585.3661737,-25.58
1699087585.3735,-25.48
1699087585.3808665,-25.38
1699087585.388802,-25.28
1699087585.396515,-25.2
1699087585.404016,-25.13
1699087585.4114046,-25.05
1699087585.4185405,-25.06
1699087585.4256735,-25.09
1699087585.4329586,-25.07
1699087585.4407961,-25.13
1699087585.4483578,-25.23
1699087585.4558892,-25.27
1699087585.4634862,-25.3
1699087585.4711337,-25.33
1699087585.478588,-25.4
1699087585.4866323,-25.41
1699087585.493613,-25.42
1699087585.5010948,-25.39
1699087585.5083468,-25.34
1699087585.5180583,-25.35
1699087585.52685,-25.4
1699087585.5352945,-25.5
1699087585.5445507,-25.59
1699087585.5540385,-25.67
1699087585.5642102,-25.81
1699087585.5730355,-25.97
1699087585.581904,-26.09
1699087585.59174,-26.18
1699087585.6024032,-26.35
1699087585.611652,-26.54
1699087585.618923,-26.64
1699087585.6267016,-26.77
1699087585.6345196,-26.95
1699087585.6407487,-27.08
1699087585.6474786,-27.2
1699087585.655686,-27.34
1699087585.6632812,-27.52
1699087585.6694138,-27.69
1699087585.676161,-27.8
1699087585.6840162,-27.92
1699087585.6910324,-28.06
1699087585.6973886,-28.2
1699087585.7040517,-28.31
1699087585.7117379,-28.42
1699087585.7185369,-28.51
1699087585.7263715,-28.57
1699087585.7328327,-28.62
1699087585.7392137,-28.67
1699087585.7453508,-28.74
1699087585.751389,-28.81
1699087585.757608,-28.87
1699087585.764932,-28.91
1699087585.7716706,-28.96
1699087585.777999,-29.02
1699087585.7849507,-29.07
1699087585.7911048,-29.15
1699087585.7972622,-29.21
1699087585.8035543,-29.3
1699087585.8099022,-29.41
1699087585.816146,-29.51
1699087585.8230767,-29.59
1699087585.8300738,-29.68
1699087585.8369591,-29.79
1699087585.8433137,-29.92
1699087585.849583,-30.03
1699087585.8557801,-30.15
1699087585.8623931,-30.28
1699087585.8699777,-30.43
1699087585.8774645,-30.57
1699087585.8849854,-30.77
1699087585.8919847,-30.96
1699087585.901459,-31.33
1699087585.9083984,-31.65
1699087585.9155722,-31.97
1699087585.923591,-32.33
1699087585.9307601,-32.68
1699087585.9380085,-33.09
1699087585.9462929,-33.55
1699087585.9549942,-34.0
1699087585.9640503,-34.54
1699087585.9705467,-35.1
1699087585.9774818,-35.55
1699087585.9843433,-36.08
1699087585.9925094,-36.61
1699087586.001155,-37.2
1699087586.008163,-37.82
1699087586.0158992,-38.37
1699087586.0275016,-39.24
1699087586.0355935,-39.81
1699087586.04345,-40.47
1699087586.0510182,-41.38
1699087586.0587492,-42.28
1699087586.067184,-43.27
1699087586.0749562,-44.27
1699087586.08131,-45.19
1699087586.0879774,-46.01
1699087586.0949016,-46.87
1699087586.1025567,-47.94
1699087586.1097157,-48.91
1699087586.1158764,-49.96
1699087586.12271,-50.86
1699087586.1298726,-51.92
1699087586.1370928,-53.04
1699087586.1442032,-54.28
1699087586.1507387,-55.54
1699087586.157919,-56.75
1699087586.1650057,-57.91
1699087586.1724732,-58.91
1699087586.1797822,-60.01
1699087586.1864195,-60.73
1699087586.1931424,-61.4
1699087586.2004292,-61.92
1699087586.2069876,-62.33
1699087586.2138882,-62.63
1699087586.2225132,-62.88
1699087586.2306223,-63.11
1699087586.2387235,-63.22
1699087586.2459517,-63.29
1699087586.2542098,-63.31
1699087586.2624447,-63.37
1699087586.270461,-63.2
1699087586.2777922,-62.98
1699087586.2855747,-62.59
1699087586.2937274,-62.17
1699087586.3022516,-61.59
1699087586.3101099,-60.88
1699087586.31804,-60.09
1699087586.3263307,-59.17
1699087586.3337731,-58.11
1699087586.3418574,-56.97
1699087586.34954,-55.6
1699087586.3574333,-54.21
1699087586.3651874,-52.83
1699087586.3731055,-51.34
1699087586.3813236,-49.81
1699087586.3891373,-48.28
1699087586.3972204,-46.94
1699087586.405227,-45.42
1699087586.413396,-44.0
1699087586.4204578,-42.51
1699087586.4282644,-41.28
1699087586.4366493,-39.92
1699087586.4445908,-38.63
1699087586.4520342,-37.43
1699087586.4596593,-36.42
1699087586.46751,-35.27
1699087586.4754748,-34.11
1699087586.482535,-33.0
1699087586.4905949,-31.99
1699087586.4971719,-30.75
1699087586.5035064,-29.89
1699087586.509612,-29.05
1699087586.5178978,-27.91
1699087586.5240138,-27.13
1699087586.5303903,-26.35
1699087586.5365844,-25.64
1699087586.5427673,-24.96
1699087586.549196,-24.36
1699087586.5555525,-23.77
1699087586.561557,-23.3
1699087586.5678647,-22.85
1699087586.5746574,-22.46
1699087586.5813088,-22.0
1699087586.5873957,-21.62
1699087586.5943322,-21.33
1699087586.6011767,-21.02
1699087586.6072023,-20.75
1699087586.613653,-20.57
1699087586.6196299,-20.37
1699087586.6260324,-20.27
1699087586.633072,-20.14
1699087586.6394248,-20.02
1699087586.6455655,-20.0
1699087586.6515224,-20.08
1699087586.6581135,-20.2
1699087586.6642928,-20.33
1699087586.6704848,-20.54
1699087586.6772478,-20.76
1699087586.6840723,-20.96
1699087586.69067,-21.13
1699087586.696947,-21.39
1699087586.7040799,-21.6
1699087586.7110677,-21.77
1699087586.7173977,-21.93
1699087586.7236142,-22.12
1699087586.7300692,-22.23
1699087586.7366853,-22.35
1699087586.7441075,-22.51
1699087586.7508316,-22.67
1699087586.75764,-22.95
1699087586.7643363,-23.3
1699087586.7744718,-23.68
1699087586.7811768,-24.25
1699087586.7877884,-24.9
1699087586.7945132,-25.59
1699087586.8008313,-26.37
1699087586.806876,-27.18
1699087586.813626,-27.98
1699087586.8201838,-28.76
1699087586.827178,-29.5
1699087586.834059,-30.3
1699087586.8402283,-30.98
1699087586.846338,-31.62
1699087586.852463,-32.23
1699087586.858975,-32.83
1699087586.8652303,-33.42
1699087586.8715076,-34.0
1699087586.87821,-34.52
1699087586.8851953,-35.01
1699087586.8920941,-35.4
1699087586.8983827,-35.59
1699087586.905287,-35.63
1699087586.9121087,-35.43
1699087586.9194858,-34.54
1699087586.9283574,-32.51
1699087586.9369638,-30.43
1699087586.9435735,-30.46
1699087586.9498622,-31.23
1699087586.957684,-32.01
1699087586.9646196,-32.45
1699087586.9713364,-32.21
1699087586.9784834,-31.58
1699087586.9856808,-30.83
1699087586.9926946,-30.3
1699087586.9987292,-30.27
1699087587.0055602,-30.37
1699087587.0117786,-30.4
1699087587.0184932,-30.35
1699087587.0252523,-30.16
1699087587.031867,-29.85
1699087587.0383434,-29.53
1699087587.044651,-29.37
1699087587.0508285,-29.37
1699087587.0573065,-29.35
1699087587.063644,-29.25
1699087587.0705051,-29.13
1699087587.0776944,-28.9
1699087587.084608,-28.53
1699087587.0912123,-28.14
1699087587.0981503,-27.75
1699087587.1050053,-27.33
1699087587.111912,-26.95
1699087587.1182673,-26.61
1699087587.1245282,-26.33
1699087587.1307762,-26.11
1699087587.1377187,-25.91
1699087587.1441636,-25.71
1699087587.1551917,-25.57
1699087587.1628306,-25.52
1699087587.170118,-25.5
1699087587.1775026,-25.42
1699087587.1848774,-25.31
1699087587.1917605,-25.21
1699087587.199694,-25.08
1699087587.2075891,-24.81
1699087587.21399,-24.56
1699087587.221073,-24.31
1699087587.2275255,-24.08
1699087587.2342472,-23.87
1699087587.2407537,-23.69
1699087587.247889,-23.56
1699087587.2541664,-23.47
1699087587.2605872,-23.4
1699087587.2677143,-23.32
1699087587.2742326,-23.28
1699087587.2808957,-23.27
1699087587.2868733,-23.31
1699087587.2932103,-23.36
1699087587.2998106,-23.38
1699087587.3064897,-23.4
1699087587.3127944,-23.41
1699087587.319021,-23.43
1699087587.3266358,-23.43
1699087587.3347404,-23.52
1699087587.3419836,-23.68
1699087587.349902,-23.75
1699087587.3583272,-23.83
1699087587.3653016,-23.92
1699087587.3723664,-24.0
1699087587.3793511,-24.05
1699087587.3861454,-24.07
1699087587.3922653,-24.07
1699087587.4000971,-24.06
1699087587.407843,-24.08
1699087587.41544,-24.05
1699087587.4239738,-24.04
1699087587.4308255,-24.08
1699087587.4370515,-24.05
1699087587.4430234,-24.03
1699087587.4492502,-24.02
1699087587.4554365,-24.03
1699087587.4616838,-24.07
1699087587.4682305,-24.11
1699087587.4761522,-24.11
1699087587.4839916,-24.17
1699087587.4910686,-24.28
1699087587.4981868,-24.33
1699087587.5056727,-24.49
1699087587.5119152,-24.6
1699087587.5178246,-24.68
1699087587.5243735,-24.77
1699087587.530883,-24.88
1699087587.5371044,-24.98
1699087587.5433812,-25.08
1699087587.5496454,-25.19
1699087587.5558646,-25.31
1699087587.562642,-25.44
1699087587.5690277,-25.6
1699087587.5755672,-25.75
1699087587.5819457,-25.9
1699087587.589571,-26.04
1699087587.5968874,-26.24
1699087587.6044421,-26.46
1699087587.6120193,-26.74
1699087587.6191308,-27.0
1699087587.6253877,-27.24
1699087587.6316524,-27.47
1699087587.637864,-27.75
1699087587.645473,-28.06
1699087587.6522462,-28.37
1699087587.6586356,-28.68
1699087587.665136,-29.04
1699087587.6727939,-29.5
1699087587.679442,-29.88
1699087587.685607,-30.28
1699087587.6917448,-30.64
1699087587.698048,-31.06
1699087587.7045367,-31.57
1699087587.7107615,-32.15
1699087587.7169285,-32.78
1699087587.725188,-33.77
1699087587.7320676,-34.63
1699087587.738702,-35.57
1699087587.7458735,-36.65
1699087587.752612,-37.73
1699087587.7592049,-38.72
1699087587.76613,-39.8
1699087587.772839,-40.99
1699087587.779306,-42.15
1699087587.7856443,-43.29
1699087587.7923052,-44.53
1699087587.7985146,-45.81
1699087587.8049715,-46.96
1699087587.811575,-48.32
1699087587.8182495,-49.62
1699087587.8245564,-51.0
1699087587.8308835,-52.31
1699087587.837715,-53.66
1699087587.8438718,-55.13
1699087587.850511,-56.63
1699087587.8570461,-57.96
1699087587.8637924,-59.12
1699087587.8706262,-60.12
1699087587.8775048,-61.13
1699087587.8838737,-61.97
1699087587.8907337,-62.55
1699087587.8979988,-63.0
1699087587.904746,-63.31
1699087587.9108074,-63.47
1699087587.9171166,-63.57
1699087587.9234474,-63.64
1699087587.930233,-63.5
1699087587.936902,-63.54
1699087587.9430866,-63.51
1699087587.949538,-63.47
1699087587.956179,-63.41
1699087587.9626718,-63.24
1699087587.968903,-63.11
1699087587.975097,-62.93
1699087587.981564,-62.74
1699087587.9883358,-62.55
1699087587.9945729,-62.3
1699087588.0013225,-62.07
1699087588.008079,-61.8
1699087588.0166006,-61.46
1699087588.0227056,-61.13
1699087588.0287294,-60.78
1699087588.0355115,-60.34
1699087588.042168,-59.86
1699087588.0483904,-59.39
1699087588.0550349,-58.94
1699087588.0618765,-58.42
1699087588.0684407,-57.86
1699087588.0754986,-57.29
1699087588.082876,-56.73
1699087588.0900233,-56.09
1699087588.0963917,-55.44
1699087588.103413,-54.76
1699087588.1097302,-54.0
1699087588.116761,-53.22
1699087588.1230085,-52.24
1699087588.1292427,-51.39
1699087588.135792,-50.42
1699087588.1423032,-49.41
1699087588.1495042,-48.44
1699087588.1558988,-47.42
1699087588.1620758,-46.55
1699087588.168308,-45.68
1699087588.174853,-44.74
1699087588.1816928,-43.82
1699087588.188022,-42.82
1699087588.1951876,-41.82
1699087588.2013745,-40.76
1699087588.2074106,-39.83
1699087588.213773,-38.94
1699087588.2199833,-38.02
1699087588.2261262,-37.13
1699087588.2322834,-36.31
1699087588.2388895,-35.43
1699087588.2461736,-34.54
1699087588.2524433,-33.63
1699087588.2593808,-32.87
1699087588.265646,-32.1
1699087588.2722063,-31.43
1699087588.2788193,-30.79
1699087588.286348,-30.01
1699087588.2923179,-29.5
1699087588.3008263,-28.69
1699087588.3072445,-28.13
1699087588.3149474,-27.46
1699087588.3213499,-27.0
1699087588.3280401,-26.6
1699087588.3343966,-26.25
1699087588.3413172,-25.97
1699087588.347974,-25.67
1699087588.3544865,-25.49
1699087588.3617294,-25.36
1699087588.3694687,-25.25
1699087588.3766353,-25.18
1699087588.3844416,-25.21
1699087588.391662,-25.3
1699087588.3993995,-25.48
1699087588.4070725,-25.73
1699087588.4141848,-26.03
1699087588.421868,-26.47
1699087588.4294899,-27.0
1699087588.438015,-27.65
1699087588.4450207,-28.42
1699087588.452002,-29.26
1699087588.4583588,-30.16
1699087588.465177,-31.15
1699087588.4716513,-32.21
1699087588.478667,-33.38
1699087588.4858336,-34.63
1699087588.4922388,-36.08
1699087588.4984007,-37.58
1699087588.5054078,-39.22
1699087588.5121784,-41.05
1699087588.5188613,-42.86
1699087588.525447,-44.74
1699087588.5314736,-46.66
1699087588.537775,-48.5
1699087588.5442667,-50.43
1699087588.551286,-52.45
1699087588.557861,-54.5
1699087588.5639055,-56.46
1699087588.570379,-58.28
1699087588.5779858,-60.3
1699087588.5857449,-62.41
1699087588.5930102,-64.58
1699087588.5992875,-66.37
1699087588.6054919,-68.09
1699087588.6116183,-69.78
1699087588.6177535,-71.43
1699087588.6242893,-72.89
1699087588.6304905,-74.06
1699087588.636728,-75.18
1699087588.6428928,-76.25
1699087588.648989,-77.13
1699087588.655464,-77.79
1699087588.6617408,-78.05
1699087588.6681662,-77.93
1699087588.676518,-77.51
1699087588.686239,-76.65
1699087588.6944573,-75.56
1699087588.7009528,-74.5
1699087588.707264,-73.68
1699087588.7145655,-73.09
1699087588.7209496,-72.53
1699087588.727932,-71.77
1699087588.7339709,-70.61
1699087588.7403336,-69.22
1699087588.7464302,-67.86
1699087588.7529964,-66.69
1699087588.7592704,-65.5
1699087588.7660646,-64.15
1699087588.7721932,-62.57
1699087588.7784662,-61.08
1699087588.7847807,-59.61
1699087588.7910345,-58.03
1699087588.7972717,-56.56
1699087588.8043804,-55.11
1699087588.8108017,-53.79
1699087588.817443,-52.58
1699087588.8238904,-51.4
1699087588.8301892,-50.29
1699087588.8363755,-49.29
1699087588.84273,-48.39
1699087588.850437,-47.51
1699087588.8569021,-46.66
1699087588.8639429,-45.87
1699087588.870615,-45.14
1699087588.8773,-44.49
1699087588.883837,-43.84
1699087588.8902454,-43.14
1699087588.8963928,-42.4
1699087588.9042153,-41.64
1699087588.9123695,-40.89
1699087588.9186125,-40.19
1699087588.9253798,-39.58
1699087588.9341178,-38.98
1699087588.9414012,-38.36
1699087588.9477699,-37.78
1699087588.9539855,-37.25
1699087588.9606843,-36.72
1699087588.9674103,-36.26
1699087588.974092,-35.85
1699087588.981756,-35.49
1699087588.98993,-35.08
1699087588.9981713,-34.65
1699087589.004681,-34.23
1699087589.010854,-33.82
1699087589.0175033,-33.45
1699087589.0243692,-33.06
1699087589.0319295,-32.67
1699087589.0381873,-32.28
1699087589.044941,-31.88
1699087589.0533364,-31.47
1699087589.0596073,-31.07
1699087589.0657969,-30.65
1699087589.0719726,-30.23
1699087589.078089,-29.83
1699087589.0842366,-29.45
1699087589.090905,-29.1
1699087589.0969694,-28.75
1699087589.1031618,-28.44
1699087589.109371,-28.11
1699087589.115557,-27.83
1699087589.1218114,-27.5
1699087589.1280642,-27.18
1699087589.1383781,-26.81
1699087589.1451957,-26.54
1699087589.152301,-26.26
1699087589.1589994,-25.97
1699087589.1651134,-25.65
1699087589.1714303,-25.34
1699087589.1785893,-25.08
1699087589.18499,-24.83
1699087589.19191,-24.58
1699087589.1988397,-24.39
1699087589.2062418,-24.2
1699087589.212472,-23.98
1699087589.219416,-23.74
1699087589.2261908,-23.49
1699087589.2329009,-23.23
1699087589.239098,-22.97
1699087589.2454321,-22.7
1699087589.251637,-22.45
1699087589.2583823,-22.24
1699087589.265694,-22.02
1699087589.2719774,-21.77
1699087589.2789226,-21.53
1699087589.2860653,-21.3
1699087589.2929404,-21.03
1699087589.300064,-20.75
1699087589.3062677,-20.5
1699087589.312802,-20.2
1699087589.319307,-19.95
1699087589.32609,-19.7
1699087589.3322651,-19.48
1699087589.3415394,-19.27
1699087589.3475733,-19.1
1699087589.353578,-18.96
1699087589.3597574,-18.82
1699087589.3659601,-18.7
1699087589.3735144,-18.58
1699087589.37956,-18.47
1699087589.386763,-18.33
1699087589.3939552,-18.18
1699087589.4006476,-18.04
1699087589.4069126,-17.92
1699087589.4139996,-17.79
1699087589.4206266,-17.71
1699087589.4272542,-17.64
1699087589.4341736,-17.57
1699087589.440281,-17.53
1699087589.4464483,-17.5
1699087589.4529693,-17.5
1699087589.4594202,-17.46
1699087589.466231,-17.43
1699087589.472911,-17.43
1699087589.4791842,-17.39
1699087589.4856262,-17.35
1699087589.4917436,-17.32
1699087589.4988117,-17.31
1699087589.5053198,-17.36
1699087589.5118515,-17.37
1699087589.5180876,-17.39
1699087589.524766,-17.41
1699087589.5323615,-17.48
1699087589.5392568,-17.45
1699087589.546035,-17.44
1699087589.552147,-17.55
1699087589.561339,-17.63
1699087589.5673542,-17.83
1699087589.5738137,-17.98
1699087589.5810013,-18.17
1699087589.5879207,-18.46
1699087589.5940714,-18.72
1699087589.6003215,-18.98
1699087589.6080573,-19.29
1699087589.6158857,-19.59
1699087589.6232624,-20.03
1699087589.629549,-20.64
1699087589.6357186,-21.24
1699087589.6420183,-21.74
1699087589.6488886,-22.29
1699087589.6554244,-22.94
1699087589.6617455,-23.44
1699087589.6689398,-23.89
1699087589.6772826,-24.45
1699087589.6834693,-24.72
1699087589.689684,-24.94
1699087589.6961555,-25.11
1699087589.7022514,-25.29
1699087589.7082918,-25.7
1699087589.7144635,-26.13
1699087589.7209542,-26.52
1699087589.7271748,-26.94
1699087589.733509,-27.47
1699087589.7401934,-28.06
1699087589.7468297,-28.72
1699087589.7536602,-29.42
1699087589.7600389,-30.17
1699087589.766968,-30.88
1699087589.7734342,-31.7
1699087589.779924,-32.58
1699087589.786258,-33.46
1699087589.7930238,-34.3
1699087589.7997818,-35.27
1699087589.806624,-36.16
1699087589.8130822,-36.99
1699087589.8193216,-37.71
1699087589.8260813,-38.38
1699087589.832305,-39.07
1699087589.8384933,-39.63
1699087589.8453028,-40.25
1699087589.8521862,-40.84
1699087589.858262,-41.43
1699087589.8651602,-41.93
1699087589.871402,-42.46
1699087589.8781106,-42.98
1699087589.884939,-43.54
1699087589.8916252,-44.15
1699087589.8977392,-44.6
1699087589.9043486,-45.05
1699087589.911274,-45.4
1699087589.9185762,-45.83
1699087589.9260416,-46.2
1699087589.9328282,-46.46
1699087589.939102,-46.4
1699087589.946537,-46.27
1699087589.9526677,-45.92
1699087589.9588149,-45.42
1699087589.965727,-44.83
1699087589.9729593,-44.08
1699087589.982073,-43.16
1699087589.989434,-42.25
1699087589.9975247,-41.36
1699087590.0064545,-40.36
1699087590.0131056,-39.22
1699087590.0196562,-38.2
1699087590.026055,-37.18
1699087590.0337267,-36.09
1699087590.0409584,-34.98
1699087590.0483263,-33.82
1699087590.0549147,-32.64
1699087590.06165,-31.44
1699087590.0676942,-30.37
1699087590.0742493,-29.31
1699087590.0803952,-28.17
1699087590.0865378,-27.16
1699087590.093721,-26.12
1699087590.100996,-25.02
1699087590.109912,-23.45
1699087590.1171918,-22.56
1699087590.1242347,-21.57
1699087590.1303637,-20.69
1699087590.1367934,-20.02
1699087590.1431243,-19.35
1699087590.1497746,-18.7
1699087590.1577725,-17.96
1699087590.1650774,-17.24
1699087590.17129,-16.79
1699087590.177564,-16.49
1699087590.1870642,-15.83
1699087590.1942239,-15.58
1699087590.201593,-15.29
1699087590.209194,-15.18
1699087590.2154298,-15.07
1699087590.222143,-15.14
1699087590.2284124,-15.22
1699087590.23538,-15.49
1699087590.2420704,-15.56
1699087590.252431,-15.34
1699087590.2587488,-15.46
1699087590.2649333,-15.58
1699087590.2710874,-15.72
1699087590.2771919,-15.81
1699087590.2836528,-15.85
1699087590.2900956,-15.9
1699087590.296175,-15.95
1699087590.3024795,-16.02
1699087590.3088775,-16.11
1699087590.3153365,-16.22
1699087590.322018,-16.34
1699087590.3295434,-16.47
1699087590.337437,-16.54
1699087590.343839,-16.77
1699087590.3526552,-17.02
1699087590.3598063,-17.21
1699087590.3666754,-17.63
1699087590.3731005,-18.14
1699087590.379342,-18.73
1699087590.385645,-19.4
1699087590.3921096,-20.1
1699087590.398937,-20.84
1699087590.4055598,-21.62
1699087590.4118788,-22.41
1699087590.4182591,-23.21
1699087590.4250839,-24.07
1699087590.4321373,-24.94
1699087590.4383419,-25.79
1699087590.4458392,-26.6
1699087590.4524605,-27.44
1699087590.4585907,-28.26
1699087590.4650624,-29.09
1699087590.4721587,-29.91
1699087590.479179,-30.74
1699087590.4871657,-31.52
1699087590.4946947,-31.94
1699087590.5017598,-32.13
1699087590.5092487,-31.5
1699087590.517226,-30.24
1699087590.5243092,-28.32
1699087590.5331352,-27.5
1699087590.543662,-28.11
1699087590.5515964,-28.55
1699087590.5589085,-28.47
1699087590.5659637,-28.1
1699087590.5735047,-27.55
1699087590.5806584,-27.06
1699087590.5866446,-26.87
1699087590.5928485,-26.85
1699087590.6007252,-26.75
1699087590.6084392,-26.52
1699087590.6148298,-26.25
1699087590.621678,-25.9
1699087590.6278837,-25.55
1699087590.6342094,-25.4
1699087590.641149,-25.2
1699087590.6473718,-25.03
1699087590.6537092,-24.92
1699087590.6612713,-24.82
1699087590.667642,-24.61
1699087590.674672,-24.42
1699087590.6817477,-24.21
1699087590.6891222,-24.01
1699087590.6969748,-23.78
1699087590.7043078,-23.63
1699087590.7117062,-23.53
1699087590.7189188,-23.46
1699087590.7263508,-23.38
1699087590.733963,-23.28
1699087590.7411046,-23.17
1699087590.7480505,-23.08
1699087590.7547827,-22.99
1699087590.761337,-22.9
1699087590.7677057,-22.77
1699087590.773995,-22.64
1699087590.7799826,-22.5
1699087590.786939,-22.36
1699087590.7931125,-22.2
1699087590.7994137,-22.02
1699087590.8056185,-21.84
1699087590.8119173,-21.67
1699087590.8193443,-21.52
1699087590.826286,-21.42
1699087590.8329625,-21.3
1699087590.8416443,-21.25
1699087590.8483713,-21.21
1699087590.8553581,-21.17
1699087590.8617265,-21.17
1699087590.8693118,-21.19
1699087590.877808,-21.3
1699087590.884093,-21.4
1699087590.8963602,-21.58
1699087590.9043365,-21.69
1699087590.9118276,-21.74
1699087590.9187095,-21.74
1699087590.9265652,-21.74
1699087590.934513,-21.74
1699087590.9423828,-21.73
1699087590.9498963,-21.73
1699087590.95742,-21.77
1699087590.965119,-21.8
1699087590.971311,-21.83
1699087590.978818,-21.84
1699087590.9864345,-21.88
1699087590.9949338,-21.91
1699087591.0020285,-22.02
1699087591.0097892,-22.13
1699087591.0189438,-22.16
1699087591.0261319,-22.2
1699087591.0332952,-22.2
1699087591.0415173,-22.2
1699087591.0499694,-22.24
1699087591.058483,-22.31
1699087591.0660026,-22.36
1699087591.0723064,-22.44
1699087591.0790663,-22.47
1699087591.0860386,-22.53
1699087591.094161,-22.57
1699087591.100945,-22.66
1699087591.1075404,-22.69
1699087591.1137557,-22.77
1699087591.1207802,-22.85
1699087591.1272085,-22.95
1699087591.1338422,-23.03
1699087591.141342,-23.18
1699087591.1487453,-23.31
1699087591.154985,-23.46
1699087591.1616323,-23.63
1699087591.168902,-23.88
1699087591.1750684,-24.11
1699087591.1833282,-24.38
1699087591.1908367,-24.76
1699087591.1979926,-25.12
1699087591.2055652,-25.48
1699087591.2128086,-25.91
1699087591.2198958,-26.35
1699087591.227669,-26.81
1699087591.2349503,-27.52
1699087591.2432046,-28.28
1699087591.2517886,-29.27
1699087591.259174,-30.31
1699087591.2669115,-31.33
1699087591.2739203,-32.5
1699087591.2815604,-33.67
1699087591.288942,-35.05
1699087591.2962828,-36.46
1699087591.306128,-38.44
1699087591.3134468,-39.99
1699087591.3212368,-41.51
1699087591.328344,-43.19
1699087591.3355172,-44.57
1699087591.3424473,-46.07
1699087591.3496,-47.7
1699087591.3565125,-49.41
1699087591.3637257,-51.3
1699087591.3708496,-53.22
1699087591.3779645,-55.16
1699087591.385759,-57.01
1699087591.3931432,-58.85
1699087591.3992155,-60.16
1699087591.4053347,-61.08
1699087591.4116492,-61.9
1699087591.4178743,-62.66
1699087591.424187,-63.28
1699087591.4306083,-63.92
1699087591.4366913,-64.46
1699087591.4429314,-64.97
1699087591.4492245,-65.42
1699087591.4555244,-65.99
1699087591.4617236,-66.62
1699087591.4682279,-67.25
1699087591.4749165,-67.98
1699087591.4810405,-68.51
1699087591.4874423,-68.9
1699087591.4941652,-69.26
1699087591.5004716,-69.49
1699087591.5072877,-69.64
1699087591.514046,-69.72
1699087591.5205173,-69.81
1699087591.5285747,-69.71
1699087591.5351727,-69.44
1699087591.5415337,-69.1
1699087591.5477002,-68.68
1699087591.553683,-68.16
1699087591.5600882,-67.57
1699087591.566265,-66.9
1699087591.5723639,-66.21
1699087591.5806212,-65.3
1699087591.5875287,-64.33
1699087591.5951953,-63.29
1699087591.6041956,-61.82
1699087591.6103022,-60.65
1699087591.6169102,-59.45
1699087591.6252916,-57.93
1699087591.6338236,-56.53
1699087591.6422641,-55.13
1699087591.650422,-53.6
1699087591.6579792,-52.18
1699087591.6653867,-50.85
1699087591.6733758,-49.54
1699087591.680785,-48.14
1699087591.688507,-46.82
1699087591.6960623,-45.5
1699087591.7028568,-44.2
1699087591.710099,-43.05
1699087591.717302,-41.77
1699087591.7254403,-40.49
1699087591.7327926,-39.04
1699087591.7409682,-37.71
1699087591.7483308,-36.42
1699087591.7552361,-35.32
1699087591.7622063,-34.32
1699087591.769542,-33.35
1699087591.7766993,-32.23
1699087591.7831552,-31.36
1699087591.789342,-30.64
1699087591.7957304,-30.03
1699087591.8023868,-29.37
1699087591.8087,-28.74
1699087591.8155012,-28.15
1699087591.8228629,-27.49
1699087591.8304765,-26.63
1699087591.8378963,-25.95
1699087591.8464084,-25.33
1699087591.8538811,-24.61
1699087591.8610332,-24.04
1699087591.8698416,-23.47
1699087591.8773015,-22.98
1699087591.8847563,-22.58
1699087591.8923638,-22.06
1699087591.8985374,-21.81
1699087591.9063628,-21.51
1699087591.913666,-21.12
1699087591.9216216,-20.81
1699087591.9279351,-20.42
1699087591.934159,-20.29
1699087591.9415767,-20.16
1699087591.9485412,-19.97
1699087591.9549003,-20.02
1699087591.9611893,-20.1
1699087591.9676142,-20.21
1699087591.9739785,-20.35
1699087591.9807193,-20.53
1699087591.9868748,-20.82
1699087591.9975455,-20.88
1699087592.0040123,-21.26
1699087592.0103822,-21.66
1699087592.0167115,-22.13
1699087592.024444,-22.64
1699087592.0305116,-23.25
1699087592.03689,-23.93
1699087592.0430648,-24.65
1699087592.0496073,-25.47
1699087592.0570025,-26.38
1699087592.0635235,-27.39
1699087592.070254,-28.42
1699087592.0763807,-29.43
1699087592.082478,-30.32
1699087592.0888684,-31.0
1699087592.0950272,-30.7
1699087592.101362,-30.1
1699087592.1076336,-28.96
1699087592.1139345,-28.59
1699087592.120372,-28.92
1699087592.1275322,-29.35
1699087592.1337528,-29.58
1699087592.141269,-29.43
1699087592.1475117,-29.11
1699087592.1538002,-28.6
1699087592.1604667,-28.26
1699087592.1674395,-28.17
1699087592.1749713,-28.14
1699087592.181582,-28.0
1699087592.1880028,-27.64
1699087592.1946063,-27.44
1699087592.201085,-27.12
1699087592.208438,-26.66
1699087592.2159495,-26.46
1699087592.2221887,-26.41
1699087592.229252,-26.38
1699087592.2371774,-26.29
1699087592.2444575,-26.0
1699087592.2514713,-25.73
1699087592.2581437,-25.46
1699087592.2641149,-25.15
1699087592.2707481,-24.77
1699087592.2777927,-24.38
1699087592.284006,-24.06
1699087592.290257,-23.83
1699087592.2973046,-23.53
1699087592.304114,-23.25
1699087592.3113806,-23.07
1699087592.3185523,-22.92
1699087592.3251286,-22.77
1699087592.3313282,-22.67
1699087592.3384666,-22.61
1699087592.3467362,-22.62
1699087592.3537562,-22.63
1699087592.3607633,-22.66
1699087592.3669534,-22.6
1699087592.3733902,-22.47
1699087592.380394,-22.31
1699087592.3871439,-22.14
1699087592.3933368,-21.97
1699087592.4003658,-21.84
1699087592.4067216,-21.75
1699087592.4130814,-21.67
1699087592.419644,-21.63
1699087592.4273143,-21.61
1699087592.4336524,-21.63
1699087592.4401288,-21.63
1699087592.4476316,-21.65
1699087592.454634,-21.76
1699087592.461018,-21.88
1699087592.4683604,-21.96
1699087592.475155,-22.05
1699087592.481446,-22.14
1699087592.4880667,-22.2
1699087592.4943366,-22.25
1699087592.500647,-22.28
1699087592.5070982,-22.31
1699087592.5133538,-22.33
1699087592.5208585,-22.35
1699087592.526987,-22.34
1699087592.5343194,-22.37
1699087592.5415893,-22.43
1699087592.5491688,-22.41
1699087592.5557292,-22.4
1699087592.5625067,-22.39
1699087592.569213,-22.33
1699087592.5754457,-22.25
1699087592.5815828,-22.18
1699087592.5901845,-22.1
1699087592.5966477,-22.01
1699087592.603529,-21.95
1699087592.6105905,-21.91
1699087592.6171632,-21.92
1699087592.6240978,-21.93
1699087592.6310859,-21.94
1699087592.6381133,-21.98
1699087592.6444638,-22.04
1699087592.6515305,-22.14
1699087592.657766,-22.21
1699087592.6643443,-22.28
1699087592.6706913,-22.4
1699087592.6770868,-22.48
1699087592.6832638,-22.54
1699087592.6902714,-22.63
1699087592.6992083,-22.73
1699087592.706132,-22.83
1699087592.7123625,-22.92
1699087592.7185612,-22.96
1699087592.725439,-23.02
1699087592.7321813,-23.18
1699087592.738501,-23.27
1699087592.7452037,-23.32
1699087592.7522264,-23.43
1699087592.759234,-23.56
1699087592.7659378,-23.7
1699087592.7718933,-23.85
1699087592.7782443,-23.99
1699087592.7852278,-24.16
1699087592.7916327,-24.34
1699087592.7978885,-24.49
1699087592.8040874,-24.67
1699087592.8119533,-24.93
1699087592.8179739,-25.14
1699087592.8242404,-25.4
1699087592.8304121,-25.63
1699087592.8367429,-25.91
1699087592.8431828,-26.18
1699087592.8495827,-26.47
1699087592.8563998,-26.78
1699087592.8626714,-27.09
1699087592.8690705,-27.37
1699087592.8754096,-27.66
1699087592.8817277,-28.0
1699087592.8880563,-28.42
1699087592.8949287,-28.86
1699087592.9015815,-29.48
1699087592.9078004,-30.1
1699087592.914189,-30.68
1699087592.920621,-31.34
1699087592.926968,-32.07
1699087592.933591,-32.73
1699087592.9421458,-33.79
1699087592.94929,-34.79
1699087592.9557638,-35.68
1699087592.9622355,-36.65
1699087592.9683588,-37.72
1699087592.974779,-38.85
1699087592.982038,-40.17
1699087592.9903615,-41.8
1699087592.9982152,-43.61
1699087593.004927,-45.41
1699087593.0111866,-47.0
1699087593.0194387,-48.89
1699087593.0270455,-50.63
1699087593.0346463,-52.58
1699087593.042641,-54.55
1699087593.0496674,-56.4
1699087593.0570261,-57.74
1699087593.06394,-58.96
1699087593.0732064,-60.0
1699087593.081282,-61.08
1699087593.088702,-61.81
1699087593.0957246,-62.31
1699087593.1041539,-62.76
1699087593.1118963,-63.24
1699087593.1196601,-63.69
1699087593.1279233,-64.05
1699087593.1348329,-64.32
1699087593.1421309,-64.61
1699087593.149237,-64.78
1699087593.157088,-64.87
1699087593.1654167,-64.88
1699087593.174897,-64.87
1699087593.1822472,-64.94
1699087593.190794,-64.93
1699087593.1992202,-64.85
1699087593.2073002,-64.7
1699087593.2142792,-64.49
1699087593.2212477,-64.21
1699087593.229496,-63.84
1699087593.237999,-63.43
1699087593.2454967,-62.88
1699087593.252213,-62.35
1699087593.2589478,-61.75
1699087593.2659013,-61.13
1699087593.2741408,-60.42
1699087593.2825284,-59.42
1699087593.290474,-58.39
1699087593.2978425,-57.41
1699087593.304801,-56.44
1699087593.3135338,-55.46
1699087593.3213875,-54.29
1699087593.32926,-53.15
1699087593.33552,-52.05
1699087593.3418574,-51.16
1699087593.3488717,-50.19
1699087593.3574603,-48.77
1699087593.3637466,-47.76
1699087593.3699896,-46.76
1699087593.3761563,-45.76
1699087593.382435,-44.75
1699087593.3886707,-43.75
1699087593.3948817,-42.75
1699087593.4018214,-41.78
1699087593.4083157,-40.7
1699087593.4162483,-39.71
1699087593.424261,-38.57
1699087593.431557,-37.46
1699087593.439591,-36.44
1699087593.4467413,-35.46
1699087593.4545176,-34.55
1699087593.46209,-33.68
1699087593.4701388,-32.89
1699087593.4775999,-32.15
1699087593.4846804,-31.59
1699087593.4922626,-31.16
1699087593.5005147,-30.72
1699087593.5068376,-30.39
1699087593.5132358,-30.29
1699087593.5196505,-30.28
1699087593.5268452,-30.32
1699087593.5332031,-30.32
1699087593.5414312,-30.34
1699087593.5482638,-30.35
1699087593.555328,-30.48
1699087593.5616426,-30.57
1699087593.5687523,-30.66
1699087593.5751884,-30.72
1699087593.5816064,-30.78
1699087593.587827,-30.81
1699087593.5939102,-30.85
1699087593.5999362,-30.91
1699087593.6061144,-31.01
1699087593.6123848,-31.08
1699087593.6191154,-31.18
1699087593.6261585,-31.29
1699087593.6323662,-31.41
1699087593.6393907,-31.6
1699087593.6468072,-31.86
1699087593.6529887,-32.25
1699087593.6594532,-32.67
1699087593.6657255,-33.13
1699087593.6720135,-33.61
1699087593.68044,-34.11
1699087593.6869507,-34.73
1699087593.6955202,-35.35
1699087593.7037904,-36.01
1699087593.7122421,-36.69
1699087593.719328,-37.39
1699087593.7274883,-37.99
1699087593.734624,-38.64
1699087593.7426143,-39.22
1699087593.7505808,-39.77
1699087593.7588427,-40.28
1699087593.7671964,-40.75
1699087593.7745771,-41.2
1699087593.7830396,-41.64
1699087593.7918458,-42.06
1699087593.7989933,-42.45
1699087593.8068242,-42.86
1699087593.8146682,-43.24
1699087593.82283,-43.64
1699087593.8311996,-44.05
1699087593.8384407,-44.38
1699087593.8465664,-44.7
1699087593.8549383,-45.02
1699087593.8637831,-45.29
1699087593.8710165,-45.52
1699087593.8783486,-45.77
1699087593.8861804,-46.0
1699087593.892575,-46.28
1699087593.899228,-46.55
1699087593.9056158,-46.9
1699087593.9118915,-46.95
1699087593.9192421,-47.04
1699087593.9268165,-47.14
1699087593.933832,-47.22
1699087593.9414134,-46.81
1699087593.9485493,-46.03
1699087593.9563403,-44.93
1699087593.9655838,-43.48
1699087593.9720893,-41.87
1699087593.9786546,-40.51
1699087593.985093,-39.03
1699087593.991404,-37.38
1699087593.9977663,-35.88
1699087594.004073,-34.69
1699087594.013053,-33.42
1699087594.0192194,-32.32
1699087594.0258553,-31.47
1699087594.0328138,-30.55
1699087594.039048,-29.55
1699087594.0463128,-28.65
1699087594.053342,-27.76
1699087594.0600023,-26.96
1699087594.0671527,-26.41
1699087594.0746906,-26.06
1699087594.0810618,-25.75
1699087594.0877347,-25.46
1699087594.0939856,-25.16
1699087594.1014373,-24.88
1699087594.1083138,-24.63
1699087594.1149123,-24.43
1699087594.1217794,-24.16
1699087594.1291878,-23.78
1699087594.1356816,-23.42
1699087594.144434,-23.04
1699087594.150715,-22.71
1699087594.1569898,-22.31
1699087594.1638844,-22.0
1699087594.1700222,-21.81
1699087594.1760778,-21.67
1699087594.1824615,-21.49
1699087594.188774,-21.33
1699087594.1949959,-21.29
1699087594.201345,-21.31
1699087594.2075887,-21.34
1699087594.2142625,-21.37
1699087594.220303,-21.38
1699087594.2266116,-21.39
1699087594.2328703,-21.38
1699087594.2395105,-21.38
1699087594.246367,-21.29
1699087594.2533512,-21.06
1699087594.2597535,-20.8
1699087594.2661073,-20.56
1699087594.2745543,-20.27
1699087594.2810235,-20.04
1699087594.2874658,-19.85
1699087594.2941964,-19.67
1699087594.3007383,-19.53
1699087594.3067422,-19.38
1699087594.3132646,-19.23
1699087594.3194673,-19.11
1699087594.325825,-19.04
1699087594.332246,-19.01
1699087594.339008,-18.99
1699087594.345703,-18.96
1699087594.3521523,-18.89
1699087594.3589296,-18.82
1699087594.3655488,-18.75
1699087594.372142,-18.64
1699087594.378984,-18.54
1699087594.3862257,-18.45
1699087594.3941302,-18.34
1699087594.400964,-18.25
1699087594.407505,-18.16
1699087594.4155366,-18.09
1699087594.4224715,-18.01
1699087594.4287398,-17.9
1699087594.4359195,-17.81
1699087594.4439862,-17.7
1699087594.451806,-17.58
1699087594.460187,-17.45
1699087594.4662657,-17.33
1699087594.4724607,-17.22
1699087594.4794385,-17.1
1699087594.486873,-16.98
1699087594.492995,-16.85
1699087594.4989657,-16.74
1699087594.505762,-16.65
1699087594.5127156,-16.54
1699087594.5198343,-16.46
1699087594.526114,-16.36
1699087594.5332823,-16.27
1699087594.5410652,-16.16
1699087594.547251,-16.08
1699087594.5541277,-16.05
1699087594.5611246,-15.98
1699087594.5681849,-15.88
1699087594.5743225,-15.82
1699087594.5804653,-15.77
1699087594.5875502,-15.73
1699087594.5954823,-15.7
1699087594.6021807,-15.65
1699087594.6090326,-15.64
1699087594.6156895,-15.56
1699087594.6220896,-15.47
1699087594.6307552,-15.42
1699087594.6388571,-15.48
1699087594.6472282,-15.58
1699087594.6539812,-15.68
1699087594.6617513,-15.78
1699087594.6696498,-15.92
1699087594.676674,-16.03
1699087594.6851947,-16.17
1699087594.692659,-16.38
1699087594.698942,-16.61
1699087594.70542,-16.85
1699087594.712458,-17.14
1699087594.7186918,-17.53
1699087594.7256916,-17.87
1699087594.7339776,-18.37
1699087594.7402606,-18.68
1699087594.7470095,-19.07
1699087594.7533057,-19.49
1699087594.759617,-19.91
1699087594.7689023,-20.39
1699087594.7759051,-21.23
1699087594.7832072,-22.0
1699087594.7906992,-22.91
1699087594.7992883,-23.85
1699087594.8078976,-24.89
1699087594.8160336,-25.87
1699087594.8228354,-26.85
1699087594.830358,-27.65
1699087594.8380647,-28.5
1699087594.8452659,-29.4
1699087594.8536637,-30.26
1699087594.86181,-31.19
1699087594.8692586,-32.11
1699087594.8773627,-32.93
1699087594.8842223,-33.81
1699087594.8912323,-34.57
1699087594.898604,-35.28
1699087594.9064674,-36.0
1699087594.914403,-36.76
1699087594.9214091,-37.55
1699087594.9283407,-38.14
1699087594.9359038,-38.72
1699087594.9439526,-39.25
1699087594.9515152,-39.73
1699087594.9592946,-40.1
1699087594.96711,-40.42
1699087594.974068,-40.61
1699087594.982132,-40.72
1699087594.9904892,-40.73
1699087594.9979515,-40.59
1699087595.0057313,-40.37
1699087595.0125825,-40.08
1699087595.0195835,-39.67
1699087595.0269296,-39.23
1699087595.0346868,-38.66
1699087595.0415518,-37.97
1699087595.0489328,-37.26
1699087595.055822,-36.49
1699087595.0644524,-35.65
1699087595.072229,-34.85
1699087595.0796318,-34.18
1699087595.086156,-33.55
1699087595.0923584,-32.98
1699087595.098545,-32.45
1699087595.104768,-31.97
1699087595.1109273,-31.44
1699087595.1186233,-30.8
1699087595.125455,-30.09
1699087595.1343734,-29.36
1699087595.141435,-28.41
1699087595.1496227,-27.47
1699087595.1571383,-26.45
1699087595.1638784,-25.49
1699087595.1717043,-24.61
1699087595.179395,-23.73
1699087595.1874473,-22.89
1699087595.1945143,-22.07
1699087595.2022858,-21.37
1699087595.20992,-20.66
1699087595.2181172,-20.05
1699087595.2254498,-19.48
1699087595.233143,-18.97
1699087595.2401042,-18.44
1699087595.2477353,-17.87
1699087595.2556744,-17.48
1699087595.2631729,-16.99
1699087595.271504,-16.51
1699087595.2779577,-16.07
1699087595.2869658,-15.61
1699087595.2952166,-15.21
1699087595.3021798,-14.81
1699087595.309519,-14.46
1699087595.3157744,-14.12
1699087595.3231385,-13.83
1699087595.3294396,-13.53
1699087595.3359146,-13.22
1699087595.3448308,-12.92
1699087595.3532748,-12.57
1699087595.3596902,-12.29
1699087595.3659148,-12.1
1699087595.3723638,-11.89
1699087595.380057,-11.68
1699087595.387671,-11.4
1699087595.394739,-11.21
1699087595.4011397,-11.01
1699087595.407876,-10.85
1699087595.4145582,-10.75
1699087595.4237716,-10.65
1699087595.4308572,-10.6
1699087595.4379385,-10.59
1699087595.444157,-10.62
1699087595.4509304,-10.69
1699087595.4589777,-10.75
1699087595.4656785,-10.72
1699087595.4725206,-10.76
1699087595.478852,-10.71
1699087595.48569,-10.65
1699087595.492073,-10.55
1699087595.5000715,-10.46
1699087595.5075428,-10.37
1699087595.5138404,-10.33
1699087595.5212595,-10.35
1699087595.5279696,-10.38
1699087595.534658,-10.41
1699087595.5409808,-10.41
1699087595.5496438,-10.33
1699087595.5558224,-10.3
1699087595.562089,-10.41
1699087595.5683904,-10.47
1699087595.5745394,-10.61
1699087595.5805485,-10.79
1699087595.5871532,-10.98
1699087595.5934305,-11.19
1699087595.5998821,-11.39
1699087595.606239,-11.66
1699087595.612742,-11.97
1699087595.6193547,-12.19
1699087595.6272728,-12.39
1699087595.6341715,-12.6
1699087595.640413,-12.88
1699087595.6473196,-13.16
1699087595.653634,-13.53
1699087595.6646996,-13.93
1699087595.6718662,-14.23
1699087595.6795511,-14.46
1699087595.6872015,-14.69
1699087595.6942544,-14.82
1699087595.7014716,-15.0
1699087595.7087183,-15.1
1699087595.7171545,-15.02
1699087595.7242384,-14.75
1699087595.7312567,-14.68
1699087595.7374203,-14.51
1699087595.7438233,-14.44
1699087595.7509067,-14.38
1699087595.7574234,-14.25
1699087595.763537,-14.15
1699087595.7702274,-14.03
1699087595.776462,-13.84
1699087595.7828836,-13.63
1699087595.7892659,-13.45
1699087595.7957737,-13.32
1699087595.8027961,-13.17
1699087595.8134413,-12.96
1699087595.8204634,-12.77
1699087595.8274267,-12.7
1699087595.8340557,-12.7
1699087595.8415098,-12.77
1699087595.8502917,-12.9
1699087595.8576035,-13.07
1699087595.8648489,-13.26
1699087595.8721833,-13.48
1699087595.8800707,-13.69
1699087595.888126,-13.94
1699087595.8955648,-14.23
1699087595.9028873,-14.47
1699087595.9100835,-14.65
1699087595.9179912,-14.83
1699087595.925378,-14.98
1699087595.9327285,-15.16
1699087595.9398699,-15.5
1699087595.947337,-15.69
1699087595.9549553,-15.83
1699087595.9625952,-16.03
1699087595.9697967,-16.2
1699087595.9772875,-16.27
1699087595.9832332,-16.36
1699087595.9894106,-16.44
1699087595.9962206,-16.55
1699087596.0034523,-16.72
1699087596.0097227,-16.84
1699087596.0164576,-16.97
1699087596.022971,-17.05
1699087596.029704,-17.04
1699087596.036274,-16.93
1699087596.043406,-16.84
1699087596.0500996,-16.74
1699087596.0575593,-16.58
1699087596.065657,-16.45
1699087596.073729,-16.43
1699087596.0808625,-16.37
1699087596.0884564,-16.34
1699087596.0956526,-16.28
1699087596.102675,-16.22
1699087596.1108148,-16.18
1699087596.118597,-16.2
1699087596.1264348,-16.27
1699087596.1334634,-16.36
1699087596.1406581,-16.48
1699087596.146921,-16.58
1699087596.1547163,-16.69
1699087596.1629915,-16.76
1699087596.169937,-16.83
1699087596.177188,-16.87
1699087596.1838808,-16.92
1699087596.1911023,-16.93
1699087596.1980624,-16.92
1699087596.2049317,-16.94
1699087596.211266,-16.98
1699087596.2173853,-16.99
1699087596.2235997,-16.99
1699087596.2302945,-16.99
1699087596.2367294,-17.01
1699087596.2454555,-17.0
1699087596.2533052,-16.95
1699087596.2604542,-16.91
1699087596.2667482,-16.91
1699087596.2730622,-16.96
1699087596.279459,-16.96
1699087596.2864206,-16.94
1699087596.2927506,-16.94
1699087596.2997727,-16.97
1699087596.3074203,-17.0
1699087596.3134382,-17.04
1699087596.319567,-17.04
1699087596.3256962,-17.06
1699087596.3321078,-17.08
1699087596.3385315,-17.05
1699087596.3448293,-17.04
1699087596.3515632,-17.08
1699087596.357885,-17.17
1699087596.3641675,-17.26
1699087596.3704543,-17.36
1699087596.3770616,-17.41
1699087596.3833363,-17.46
1699087596.39033,-17.52
1699087596.3971293,-17.55
1699087596.403122,-17.57
1699087596.4095027,-17.61
1699087596.4158232,-17.66
1699087596.422166,-17.73
1699087596.4289973,-17.79
1699087596.4350622,-17.85
1699087596.4414093,-17.9
1699087596.4477584,-17.98
1699087596.4541569,-18.02
1699087596.4603827,-17.95
1699087596.4675627,-17.84
1699087596.4740613,-17.75
1699087596.4807856,-17.7
1699087596.48706,-17.63
1699087596.4934318,-17.61
1699087596.4997547,-17.66
1699087596.506341,-17.7
1699087596.5124464,-17.71
1699087596.5186622,-17.75
1699087596.5251796,-17.76
1699087596.5314724,-17.87
1699087596.5384748,-17.93
1699087596.5456982,-17.99
1699087596.55441,-18.05
1699087596.560467,-18.06
1699087596.568391,-18.09
1699087596.5759656,-18.12
1699087596.5829875,-18.16
1699087596.5907345,-18.24
1699087596.5985131,-18.33
1699087596.604887,-18.39
1699087596.611126,-18.45
1699087596.6180935,-18.52
1699087596.625872,-18.57
1699087596.6337576,-18.69
1699087596.6402876,-18.83
1699087596.6474712,-18.92
1699087596.6572752,-19.16
1699087596.6637945,-19.35
1699087596.6707125,-19.63
1699087596.677164,-19.97
1699087596.6834905,-20.33
1699087596.6902845,-20.72
1699087596.6966891,-21.22
1699087596.702985,-21.86
1699087596.709395,-22.59
1699087596.715464,-23.33
1699087596.7215838,-24.07
1699087596.7279592,-24.94
1699087596.7342212,-25.91
1699087596.7403457,-26.94
1699087596.747582,-28.0
1699087596.7543209,-29.55
1699087596.7606955,-30.97
1699087596.7667246,-32.17
1699087596.7730541,-33.43
1699087596.779377,-34.76
1699087596.7855992,-36.11
1699087596.7922547,-37.5
1699087596.7983844,-39.08
1699087596.8047462,-40.51
1699087596.8113987,-42.16
1699087596.818505,-43.67
1699087596.825849,-45.02
1699087596.8331168,-46.02
1699087596.8393621,-46.62
1699087596.8462963,-46.99
1699087596.852842,-47.14
1699087596.8590844,-47.12
1699087596.8654842,-47.01
1699087596.8727126,-46.72
1699087596.8792121,-46.26
1699087596.8854835,-45.8
1699087596.8918605,-45.31
1699087596.899019,-44.8
1699087596.9065547,-44.11
1699087596.9149415,-43.62
1699087596.9226053,-42.75
1699087596.92888,-41.86
1699087596.9354765,-41.06
1699087596.9420962,-40.27
1699087596.9483316,-39.59
1699087596.9554124,-38.95
1699087596.963593,-38.17
1699087596.9701555,-37.69
1699087596.9774878,-37.25
1699087596.9838355,-36.76
1699087596.990053,-36.34
1699087596.9982357,-35.88
1699087597.0052052,-35.21
1699087597.0136297,-34.55
1699087597.0207593,-33.67
1699087597.028452,-32.8
1699087597.0356855,-31.97
1699087597.041991,-31.19
1699087597.0482993,-30.49
1699087597.0554419,-29.77
1699087597.061769,-28.96
1699087597.06798,-28.22
1699087597.0751736,-27.44
1699087597.0816648,-26.44
1699087597.087977,-25.54
1699087597.095089,-24.59
1699087597.1015587,-23.48
1699087597.1094797,-22.46
1699087597.1189625,-21.11
1699087597.1255617,-19.59
1699087597.132828,-18.64
1699087597.1409934,-17.48
1699087597.1473713,-16.32
1699087597.1542234,-15.51
1699087597.1606095,-14.72
1699087597.1671157,-14.1
1699087597.1735885,-13.54
1699087597.1798909,-13.14
1699087597.1861813,-12.78
1699087597.1930985,-12.48
1699087597.1993585,-12.13
1699087597.205322,-11.92
1699087597.2116032,-11.74
1699087597.2178264,-11.55
1699087597.2241669,-11.36
1699087597.2303698,-11.17
1699087597.2365766,-11.0
1699087597.2430663,-10.82
1699087597.2493773,-10.74
1699087597.2557182,-10.68
1699087597.2620022,-10.61
1699087597.2684224,-10.61
1699087597.274718,-10.61
1699087597.2808983,-10.68
1699087597.2871697,-10.8
1699087597.2933645,-10.95
1699087597.2999308,-11.11
1699087597.3063881,-11.27
1699087597.3128054,-11.46
1699087597.3194346,-11.64
1699087597.326745,-11.76
1699087597.33418,-11.83
1699087597.34142,-11.84
1699087597.349737,-11.85
1699087597.3578913,-11.88
1699087597.3647401,-12.0
1699087597.37109,-12.25
1699087597.377614,-12.51
1699087597.3839538,-12.78
1699087597.39008,-13.24
1699087597.396109,-13.75
1699087597.402187,-14.14
1699087597.4084537,-14.66
1699087597.4148169,-15.31
1699087597.4209979,-16.01
1699087597.4272423,-16.75
1699087597.4342666,-17.52
1699087597.4443007,-18.34
1699087597.45223,-19.04
1699087597.4601698,-19.66
1699087597.4682136,-20.21
1699087597.4749076,-20.88
1699087597.4825444,-21.48
1699087597.4899752,-22.09
1699087597.497717,-22.45
1699087597.5044448,-22.72
1699087597.5125957,-22.58
1699087597.5194635,-21.91
1699087597.5254703,-20.86
1699087597.5314934,-19.85
1699087597.5378616,-19.65
1699087597.5442188,-20.33
1699087597.5505004,-21.29
1699087597.5585537,-22.26
1699087597.5668213,-22.81
1699087597.5731907,-22.71
1699087597.5793095,-22.3
1699087597.5855155,-21.95
1699087597.5917625,-21.92
1699087597.5980902,-22.09
1699087597.60423,-22.37
1699087597.6101875,-22.66
1699087597.6174471,-22.92
1699087597.6241004,-23.0
1699087597.6312587,-23.01
1699087597.6409156,-23.17
1699087597.648316,-23.26
1699087597.655098,-23.21
1699087597.663489,-23.05
1699087597.6708844,-22.9
1699087597.6790268,-22.7
1699087597.6878626,-22.36
1699087597.6951785,-22.04
1699087597.702108,-21.87
1699087597.7095444,-21.72
1699087597.7172375,-21.66
1699087597.725317,-21.69
1699087597.7337153,-21.76
1699087597.7412026,-21.84
1699087597.7488837,-21.87
1699087597.7566555,-21.82
1699087597.7637513,-21.77
1699087597.7713604,-21.7
1699087597.7802577,-21.57
1699087597.7871003,-21.4
1699087597.7939668,-21.29
1699087597.8008301,-21.13
1699087597.80723,-20.91
1699087597.8136256,-20.67
1699087597.8199751,-20.45
1699087597.826281,-20.32
1699087597.8325765,-20.2
1699087597.8392584,-20.04
1699087597.8458927,-19.82
1699087597.8530288,-19.68
1699087597.8619065,-19.61
1699087597.869621,-19.48
1699087597.8777368,-19.42
1699087597.8853674,-19.5
1699087597.8919477,-19.62
1699087597.9015582,-19.76
1699087597.9084647,-19.88
1699087597.9157465,-20.02
1699087597.923713,-20.14
1699087597.9306,-20.27
1699087597.9377828,-20.34
1699087597.9448757,-20.39
1699087597.9527526,-20.43
1699087597.961726,-20.53
1699087597.9678595,-20.63
1699087597.9738564,-20.69
1699087597.980918,-20.8
1699087597.987776,-20.96
1699087597.993931,-21.1
1699087598.0000079,-21.24
1699087598.0065203,-21.39
1699087598.0135741,-21.55
1699087598.0210884,-21.76
1699087598.0271049,-21.95
1699087598.0332382,-22.08
1699087598.0398407,-22.21
1699087598.0472093,-22.35
1699087598.0532458,-22.48
1699087598.059277,-22.57
1699087598.0656657,-22.69
1699087598.072033,-22.81
1699087598.0784316,-22.9
1699087598.0846963,-23.0
1699087598.091622,-23.1
1699087598.098344,-23.24
1699087598.1045532,-23.33
1699087598.1109333,-23.4
1699087598.1179972,-23.49
1699087598.1241744,-23.64
1699087598.1304486,-23.76
1699087598.1371233,-23.93
1699087598.1432223,-24.12
1699087598.149529,-24.32
1699087598.1558292,-24.5
1699087598.162788,-24.69
1699087598.1688204,-24.92
1699087598.1747985,-25.15
1699087598.1811516,-25.38
1699087598.1874568,-25.61
1699087598.1942503,-25.89
1699087598.2013779,-26.22
1699087598.2077665,-26.6
1699087598.2141705,-26.95
1699087598.220932,-27.32
1699087598.2273006,-27.74
1699087598.2336965,-28.19
1699087598.2404418,-28.64
1699087598.2467382,-29.1
1699087598.2531807,-29.56
1699087598.260087,-30.03
1699087598.266286,-30.57
1699087598.2736824,-31.11
1699087598.2801301,-31.8
1699087598.2862206,-32.33
1699087598.292533,-32.85
1699087598.2989812,-33.42
1699087598.3054395,-34.06
1699087598.3117163,-34.7
1699087598.3177881,-35.4
1699087598.3269882,-36.51
1699087598.335348,-37.83
1699087598.342047,-39.33
1699087598.3484569,-40.67
1699087598.3568277,-41.97
1699087598.3666322,-44.0
1699087598.374528,-45.89
1699087598.3817084,-47.32
1699087598.3885698,-48.76
1699087598.3952982,-50.11
1699087598.4025161,-51.5
1699087598.4097674,-53.03
1699087598.417138,-54.75
1699087598.424002,-56.57
1699087598.4311795,-58.4
1699087598.438477,-60.4
1699087598.4454362,-62.46
1699087598.452088,-64.17
1699087598.4592276,-65.7
1699087598.4664338,-67.11
1699087598.4738147,-68.21
1699087598.480471,-69.05
1699087598.4876146,-69.67
1699087598.4949565,-70.14
1699087598.5017715,-70.36
1699087598.5087562,-70.38
1699087598.5169723,-70.4
1699087598.5247197,-70.57
1699087598.5320208,-70.45
1699087598.5388877,-70.14
1699087598.5457008,-69.73
1699087598.5528543,-69.22
1699087598.5601072,-68.72
1699087598.5671253,-68.14
1699087598.575058,-67.3
1699087598.5821626,-66.28
1699087598.5893896,-65.12
1699087598.5953264,-63.94
1699087598.6015623,-62.77
1699087598.6077232,-61.56
1699087598.6146502,-60.27
1699087598.6208837,-58.76
1699087598.6271057,-57.21
1699087598.6334503,-55.66
1699087598.6394975,-54.15
1699087598.6458,-52.53
1699087598.6521485,-50.65
1699087598.6584268,-48.66
1699087598.6645932,-46.61
1699087598.6706102,-44.64
1699087598.6766686,-42.93
1699087598.6834178,-41.23
1699087598.689644,-39.7
1699087598.6959105,-38.07
1699087598.70224,-36.75
1699087598.7091575,-35.43
1699087598.715731,-33.99
1699087598.7217805,-32.69
1699087598.7292252,-31.33
1699087598.7363632,-29.89
1699087598.7436795,-28.58
1699087598.7498064,-27.14
1699087598.756267,-25.98
1699087598.7630265,-24.69
1699087598.7700906,-23.48
1699087598.7760699,-22.31
1699087598.7821198,-21.39
1699087598.7887788,-20.51
1699087598.7956889,-19.43
1699087598.802838,-18.48
1699087598.8089879,-17.59
1699087598.8149667,-16.9
1699087598.8219104,-16.2
1699087598.8288522,-15.43
1699087598.8348396,-14.73
1699087598.8413498,-14.21
1699087598.8481977,-13.6
1699087598.8546846,-12.99
1699087598.8612309,-12.59
1699087598.868139,-12.22
1699087598.8770125,-11.51
1699087598.8830678,-11.39
1699087598.889305,-11.36
1699087598.8955593,-11.38
1699087598.9017637,-11.46
1699087598.907867,-11.6
1699087598.9139724,-11.74
1699087598.9203875,-11.9
1699087598.9266627,-12.04
1699087598.9327462,-12.23
1699087598.9391246,-12.43
1699087598.9454799,-12.61
1699087598.9514756,-12.81
1699087598.9577334,-13.08
1699087598.9641442,-13.39
1699087598.9709125,-13.72
1699087598.9769528,-14.09
1699087598.983017,-14.51
1699087598.9891796,-15.01
1699087598.995548,-15.52
1699087599.0024576,-16.09
1699087599.00862,-16.81
1699087599.014626,-17.63
1699087599.0207775,-18.41
1699087599.0271196,-19.38
1699087599.034198,-20.49
1699087599.0404236,-21.64
1699087599.0469813,-22.81
1699087599.0535185,-23.97
1699087599.0600836,-25.12
1699087599.066421,-26.26
1699087599.0726159,-27.4
1699087599.079727,-28.53
1699087599.0859854,-29.67
1699087599.0922422,-29.3
1699087599.099524,-29.16
1699087599.1068826,-28.72
1699087599.1144323,-28.93
1699087599.1221366,-29.65
1699087599.1293716,-30.37
1699087599.1366467,-30.68
1699087599.1438537,-30.64
1699087599.1506417,-30.3
1699087599.1578007,-29.99
1699087599.1651695,-29.96
1699087599.1725433,-29.94
1699087599.1791012,-29.91
1699087599.1865673,-29.74
1699087599.1938016,-29.5
1699087599.20065,-29.32
1699087599.207152,-29.24
1699087599.2146227,-29.13
1699087599.2217388,-29.07
1699087599.2290938,-28.84
1699087599.2363315,-28.43
1699087599.2435431,-28.11
1699087599.250528,-27.84
1699087599.2574,-27.61
1699087599.2645562,-27.37
1699087599.271589,-27.13
1699087599.2788267,-26.93
1699087599.2876892,-26.77
1699087599.2945545,-26.64
1699087599.301828,-26.6
1699087599.3099883,-26.61
1699087599.3166165,-26.59
1699087599.3238592,-26.57
1699087599.3311734,-26.56
1699087599.3384924,-26.51
1699087599.3452826,-26.45
1699087599.3522341,-26.38
1699087599.359467,-26.3
1699087599.3670695,-26.24
1699087599.3731446,-26.16
1699087599.379509,-26.08
1699087599.385723,-25.97
1699087599.3924632,-25.87
1699087599.4008932,-25.73
1699087599.409228,-25.6
1699087599.4157488,-25.56
1699087599.4219038,-25.52
1699087599.428943,-25.42
1699087599.4357007,-25.32
1699087599.442823,-25.2
1699087599.449785,-25.06
1699087599.4561877,-24.85
1699087599.463479,-24.64
1699087599.4704926,-24.46
1699087599.4767218,-24.27
1699087599.4828875,-24.1
1699087599.4899259,-23.89
1699087599.496858,-23.66
1699087599.5031195,-23.47
1699087599.509166,-23.29
1699087599.515495,-23.11
1699087599.5223465,-22.95
1699087599.5293684,-22.79
1699087599.535517,-22.63
1699087599.5415072,-22.51
1699087599.5479562,-22.39
1699087599.555358,-22.27
1699087599.562366,-22.17
1699087599.5705261,-22.11
1699087599.5794961,-22.08
1699087599.5863693,-22.1
1699087599.5939016,-22.06
1699087599.6019504,-22.07
1699087599.6097991,-22.14
1699087599.6169698,-22.2
1699087599.624606,-22.29
1699087599.6310768,-22.4
1699087599.6371388,-22.52
1699087599.6431534,-22.62
1699087599.6494503,-22.74
1699087599.6557956,-22.91
1699087599.6625946,-23.07
1699087599.6688082,-23.3
1699087599.6748073,-23.45
1699087599.6809936,-23.72
1699087599.6873038,-24.02
1699087599.6942294,-24.27
1699087599.700404,-24.54
1699087599.7064247,-24.85
1699087599.7126288,-25.17
1699087599.718955,-25.52
1699087599.7257192,-25.85
1699087599.7319946,-26.29
1699087599.738929,-26.77
1699087599.7472303,-27.45
1699087599.7534883,-27.94
1699087599.760431,-28.47
1699087599.767144,-29.07
1699087599.7734811,-29.73
1699087599.7817216,-30.53
1699087599.7900045,-31.33
1699087599.7963228,-32.06
1699087599.8026378,-32.87
1699087599.8088434,-33.79
1699087599.8148804,-34.69
1699087599.8211493,-35.62
1699087599.8274095,-36.62
1699087599.8336933,-37.67
1699087599.840057,-38.73
1699087599.8460927,-39.88
1699087599.852331,-41.07
1699087599.8585937,-42.38
1699087599.8649375,-43.59
1699087599.8711488,-44.78
1699087599.8774912,-45.91
1699087599.883849,-47.1
1699087599.890108,-48.37
1699087599.8964164,-49.72
1699087599.9027674,-51.11
1699087599.9101496,-52.66
1699087599.9164507,-54.68
1699087599.9226665,-56.31
1699087599.9291265,-58.0
1699087599.9354174,-59.66
1699087599.9431982,-61.31
1699087599.9502113,-62.78
1699087599.956934,-63.76
1699087599.9635527,-64.73
1699087599.9706366,-65.58
1699087599.9772477,-66.24
1699087599.983883,-66.77
1699087599.9906404,-67.15
1699087599.9971364,-67.38
1699087600.0043588,-67.69
1699087600.010896,-67.97
1699087600.017917,-68.27
1699087600.02561,-68.45
1699087600.0316703,-68.49
1699087600.0376728,-68.3
1699087600.0445578,-68.02
1699087600.0511153,-67.57
1699087600.0572083,-67.07
1699087600.0636797,-66.6
1699087600.0705297,-66.14
1699087600.0777194,-65.63
1699087600.084007,-65.03
1699087600.091345,-64.37
1699087600.0977721,-63.61
1699087600.1038268,-62.88
1699087600.1099143,-62.08
1699087600.1168272,-61.22
1699087600.1235108,-60.29
1699087600.1296256,-59.36
1699087600.1355934,-58.38
1699087600.141908,-57.3
1699087600.1482134,-55.94
1699087600.1563442,-54.26
1699087600.162914,-52.68
1699087600.1707692,-50.86
1699087600.176829,-49.35
1699087600.183209,-47.98
1699087600.1905103,-46.64
1699087600.1976082,-45.24
1699087600.204904,-43.75
1699087600.2112215,-42.57
1699087600.2175484,-41.42
1699087600.2238154,-40.33
1699087600.2299762,-39.25
1699087600.2362852,-38.28
1699087600.2425797,-37.28
1699087600.2490838,-36.3
1699087600.255629,-35.23
1699087600.2618585,-34.25
1699087600.2688086,-33.2
1699087600.2754073,-32.01
1699087600.2816634,-31.04
1699087600.2880504,-30.1
1699087600.2947114,-29.17
1699087600.301324,-28.24
1699087600.3073556,-27.49
1699087600.3135517,-26.8
1699087600.3198273,-26.13
1699087600.32632,-25.49
1699087600.332638,-24.89
1699087600.3388898,-24.35
1699087600.3452091,-23.83
1699087600.3515809,-23.36
1699087600.3576577,-22.94
1699087600.3636868,-22.62
1699087600.369844,-22.34
1699087600.376199,-22.09
1699087600.3824964,-21.87
